1
2
3
6
7
9
20
22
23
26
27
28
31
35
36
37
39
41
42
43
46
47
49
51
52
53
55
59
61
63
64
65
66
69
70
73
75
76
77
79
80
81
82
83
84
85
86
88
90
91
95
96
97
100
102
105
106
107
108
111
112
114
116
117
118
119
120
121
122
123
125
128
132
133
134
135
136
137
140
142
143
146
147
149
150
151
154
155
156
159
162
163
164
165
166
170
171
173
174
175
176
178
179
180
181
184
185
188
189
190
191
192
194
195
197
199
202
203
204
205
208
210
211
212
213
216
217
218
222
223
224
225
227
228
230
234
235
237
238
239
240
242
243
246
250
254
256
257
258
263
264
265
266
268
273
275
277
278
280
282
290
292
293
294
296
299
300
301
304
307
313
314
315
316
317
318
320
321
324
325
326
328
329
336
337
340
342
344
345
347
348
350
353
354
359
360
364
365
366
367
368
369
371
374
375
376
378
381
384
386
389
392
394
396
403
404
405
407
409
421
422
423
424
425
426
428
429
431
432
435
436
437
438
439
440
441
443
444
446
448
449
454
456
458
460
463
465
466
468
469
475
479
480
483
487
490
492
494
495
499
501
504
508
511
512
515
518
520
521
525
526
527
528
529
530
533
536
540
543
547
550
551
552
554
557
559
563
565
566
568
569
574
580
581
583
585
590
596
598
599
600
602
603
605
606
607
610
613
615
616
619
622
626
627
628
629
630
631
634
635
637
638
640
641
642
643
646
648
649
652
653
654
659
660
661
662
666
668
670
673
675
679
680
684
685
686
687
688
689
692
693
694
696
697
701
702
704
705
706
708
711
712
715
716
717
718
720
722
723
725
727
730
731
732
733
735
739
740
741
742
744
745
748
749
750
753
754
757
758
761
763
764
765
766
769
770
771
773
776
780
782
783
785
786
787
789
791
794
798
799
802
804
813
815
816
817
819
820
821
823
825
827
828
830
835
837
839
840
842
843
844
845
847
848
849
850
851
852
853
854
855
856
857
859
860
861
862
863
864
866
867
870
871
873
877
878
880
882
883
884
885
886
887
888
893
894
895
896
897
898
903
904
908
909
910
915
916
918
921
923
924
928
929
931
932
936
937
938
939
940
941
942
943
944
945
946
947
949
953
955
961
964
965
967
970
972
976
977
979
982
983
984
985
986
990
992
994
995
996
997
998
1001
1002
1003
1006
1008
1010
1012
1013
1014
1016
1017
1019
1020
1022
1026
1027
1030
1032
1034
1035
1036
1037
1038
1039
1041
1042
1043
1044
1045
1048
1049
1050
1053
1056
1057
1059
1060
1061
1062
1063
1065
1066
1070
1072
1074
1075
1078
1079
1080
1081
1082
1085
1088
1092
1094
1103
1104
1107
1109
1110
1112
1118
1121
1122
1123
1124
1127
1129
1130
1132
1136
1137
1138
1139
1141
1142
1144
1145
1146
1147
1148
1151
1152
1154
1156
1157
1158
1159
1160
1161
1162
1163
1168
1169
1171
1173
1174
1175
1177
1178
1179
1181
1185
1189
1193
1199
1200
1201
1204
1206
1207
1209
1212
1213
1214
1216
1219
1227
1229
1230
1231
1232
1233
1234
1241
1242
1244
1248
1249
1250
1252
1254
1255
1257
1262
1263
1265
1267
1268
1271
1272
1275
1276
1281
1282
1284
1286
1287
1294
1295
1297
1298
1301
1303
1304
1306
1308
1311
1314
1317
1320
1321
1323
1328
1332
1333
1334
1344
1346
1348
1351
1353
1354
1355
1357
1358
1360
1361
1362
1364
1365
1366
1367
1368
1370
1371
1377
1378
1384
1386
1387
1388
1389
1390
1391
1393
1395
1396
1397
1399
1402
1405
1407
1410
1414
1417
1420
1424
1425
1426
1427
1430
1434
1437
1439
1441
1443
1444
1448
1450
1451
1455
1457
1458
1459
1460
1461
1462
1464
1465
1466
1467
1468
1469
1473
1474
1476
1477
1478
1480
1482
1490
1493
1496
1498
1503
1504
1507
1508
1510
1511
1513
1514
1517
1519
1521
1524
1526
1528
1529
1533
1535
1536
1538
1540
1543
1550
1552
1553
1558
1560
1562
1565
1566
1571
1574
1576
1579
1580
1581
1582
1583
1587
1588
1589
1591
1592
1595
1597
1598
1599
1603
1604
1605
1608
1612
1613
1615
1617
1622
1623
1624
1626
1627
1628
1630
1633
1634
1635
1637
1642
1643
1645
1646
1647
1649
1651
1652
1653
1658
1660
1661
1664
1665
1666
1667
1668
1669
1670
1671
1672
1674
1675
1680
1681
1683
1685
1686
1687
1689
1690
1691
1695
1700
1702
1703
1704
1709
1710
1711
1714
1715
1718
1719
1721
1723
1724
1725
1726
1727
1729
1733
1735
1736
1737
1738
1739
1741
1742
1743
1744
1745
1747
1749
1752
1753
1754
1755
1756
1761
1763
1765
1767
1768
1770
1771
1772
1774
1777
1778
1780
1781
1782
1785
1788
1790
1791
1793
1794
1798
1799
1801
1802
1803
1804
1805
1807
1813
1814
1815
1817
1819
1821
1823
1825
1826
1828
1832
1833
1835
1836
1839
1840
1842
1846
1848
1851
1852
1855
1856
1861
1864
1866
1868
1871
1879
1883
1885
1888
1889
1892
1893
1896
1897
1898
1899
1900
1901
1902
1903
1904
1905
1906
1907
1911
1913
1920
1921
1923
1924
1925
1926
1931
1932
1935
1937
1939
1940
1942
1943
1947
1952
1955
1956
1959
1964
1967
1969
1971
1972
1973
1974
1975
1978
1979
1980
1982
1986
1987
1988
1989
1992
1996
2000
2001
2002
2004
2005
2006
2007
2010
2014
2015
2016
2017
2022
2023
2024
2026
2027
2028
2030
2033
2034
2035
2038
2040
2042
2043
2044
2048
2049
2050
2051
2052
2053
2058
2059
2060
2065
2067
2069
2070
2071
2072
2073
2074
2077
2079
2085
2087
2088
2090
2091
2092
2095
2098
2103
2106
2109
2111
2113
2114
2116
2123
2124
2125
2126
2127
2128
2129
2131
2132
2133
2134
2135
2136
2137
2138
2141
2143
2144
2145
2147
2151
2153
2154
2155
2156
2158
2161
2162
2165
2166
2167
2168
2174
2176
2178
2179
2181
2185
2186
2189
2190
2191
2192
2193
2195
2197
2198
2199
2200
2201
2202
2204
2206
2207
2211
2212
2214
2215
2217
2218
2221
2225
2226
2232
2234
2235
2236
2237
2239
2242
2243
2244
2246
2247
2248
2249
2250
2251
2253
2254
2255
2256
2257
2258
2259
2261
2262
2263
2264
2265
2269
2272
2274
2276
2277
2278
2280
2281
2282
2283
2284
2286
2287
2289
2292
2294
2295
2296
2298
2299
2300
2303
2309
2314
2315
2316
2319
2320
2321
2322
2324
2329
2330
2334
2335
2336
2337
2338
2339
2344
2345
2346
2347
2349
2351
2352
2354
2355
2359
2360
2362
2363
2364
2365
2367
2370
2371
2372
2373
2374
2375
2376
2377
2378
2381
2382
2383
2384
2386
2390
2394
2396
2398
2401
2402
2404
2405
2407
2409
2411
2412
2415
2416
2417
2419
2421
2422
2423
2424
2427
2428
2431
2433
2435
2436
2437
2444
2445
2446
2448
2453
2457
2459
2460
2461
2462
2463
2465
2466
2467
2469
2470
2474
2475
2476
2478
2479
2480
2481
2482
2485
2486
2488
2493
2496
2499
2500
2502
2504
2505
2506
2510
2515
2517
2518
2519
2520
2522
2528
2529
2532
2533
2534
2536
2543
2544
2545
2546
2547
2548
2549
2550
2551
2552
2553
2554
2555
2558
2565
2566
2567
2568
2569
2570
2572
2573
2574
2575
2576
2577
2578
2579
2582
2585
2588
2592
2593
2597
2599
2600
2601
2602
2603
2604
2607
2608
2609
2610
2612
2613
2616
2622
2623
2626
2627
2628
2630
2631
2634
2635
2637
2638
2641
2642
2644
2645
2646
2648
2649
2652
2653
2655
2659
2661
2666
2667
2669
2670
2673
2676
2678
2680
2682
2684
2688
2690
2691
2693
2695
2698
2701
2705
2706
2711
2712
2714
2715
2716
2717
2722
2724
2726
2730
2731
2732
2734
2736
2737
2741
2742
2744
2745
2746
2748
2749
2750
2751
2752
2754
2755
2757
2758
2759
2760
2762
2764
2766
2768
2770
2778
2779
2780
2784
2789
2792
2793
2794
2795
2796
2797
2798
2799
2802
2804
2806
2808
2809
2810
2811
2812
2813
2816
2819
2824
2826
2827
2833
2834
2835
2836
2840
2841
2842
2843
2844
2845
2846
2848
2850
2852
2853
2854
2856
2857
2858
2859
2862
2865
2869
2870
2871
2873
2874
2879
2880
2882
2883
2884
2885
2886
2889
2890
2891
2892
2895
2896
2898
2902
2903
2904
2906
2908
2909
2910
2911
2912
2916
2918
2921
2922
2925
2926
2927
2930
2931
2932
2933
2934
2939
2940
2943
2944
2945
2946
2949
2952
2956
2958
2961
2962
2964
2965
2966
2967
2968
2969
2972
2974
2977
2978
2979
2980
2981
2982
2985
2989
2990
2994
2996
3000
3001
3005
3006
3008
3009
3010
3013
3016
3018
3019
3022
3028
3029
3030
3031
3032
3034
3042
3043
3045
3047
3048
3050
3051
3054
3057
3058
3059
3062
3063
3064
3066
3067
3068
3069
3070
3075
3078
3079
3080
3082
3083
3085
3086
3091
3092
3093
3094
3095
3096
3098
3099
3103
3104
3106
3107
3108
3110
3111
3116
3117
3121
3122
3124
3126
3131
3133
3134
3135
3137
3138
3141
3144
3146
3147
3148
3149
3152
3154
3155
3157
3159
3160
3161
3165
3172
3173
3176
3180
3181
3183
3186
3188
3191
3197
3199
3200
3201
3202
3204
3205
3206
3207
3211
3212
3213
3217
3219
3222
3223
3225
3228
3229
3233
3237
3241
3242
3243
3244
3245
3251
3252
3256
3259
3260
3261
3262
3263
3266
3270
3271
3272
3276
3277
3279
3280
3282
3283
3285
3287
3290
3293
3296
3298
3299
3300
3301
3303
3304
3305
3306
3308
3310
3315
3319
3326
3329
3330
3331
3337
3339
3340
3342
3343
3344
3346
3347
3348
3349
3350
3351
3353
3358
3359
3361
3362
3364
3366
3369
3370
3373
3374
3376
3378
3379
3383
3384
3385
3386
3387
3390
3391
3392
3394
3395
3397
3398
3400
3401
3403
3408
3410
3411
3416
3419
3425
3426
3429
3430
3432
3433
3434
3437
3438
3439
3440
3441
3442
3443
3445
3446
3449
3450
3451
3453
3455
3459
3460
3462
3465
3466
3468
3472
3473
3474
3475
3479
3481
3483
3484
3485
3486
3488
3489
3491
3492
3493
3494
3496
3497
3503
3504
3506
3510
3511
3516
3517
3518
3519
3521
3523
3524
3526
3527
3529
3530
3532
3535
3540
3542
3549
3550
3551
3552
3555
3556
3558
3560
3563
3564
3566
3567
3568
3569
3570
3571
3573
3574
3577
3579
3580
3581
3582
3584
3585
3587
3588
3593
3594
3595
3596
3597
3598
3602
3604
3607
3608
3609
3610
3611
3612
3613
3614
3615
3616
3618
3621
3622
3633
3634
3636
3638
3639
3640
3641
3642
3645
3646
3655
3661
3663
3664
3666
3667
3668
3669
3676
3678
3679
3680
3681
3682
3683
3684
3685
3686
3688
3691
3694
3695
3699
3701
3705
3707
3708
3709
3710
3714
3715
3716
3717
3718
3719
3720
3724
3725
3726
3728
3729
3730
3732
3735
3736
3740
3745
3749
3753
3755
3757
3758
3759
3760
3762
3765
3771
3772
3773
3774
3775
3776
3777
3778
3779
3780
3783
3787
3791
3792
3793
3794
3797
3798
3801
3808
3809
3812
3813
3817
3819
3820
3821
3822
3824
3825
3827
3828
3829
3830
3831
3832
3834
3836
3837
3838
3840
3841
3847
3850
3852
3854
3855
3856
3857
3859
3862
3865
3868
3870
3872
3874
3875
3877
3879
3880
3881
3882
3885
3887
3888
3890
3893
3896
3901
3902
3903
3904
3906
3908
3909
3911
3913
3916
3917
3922
3923
3925
3926
3928
3933
3934
3935
3936
3941
3945
3946
3947
3950
3954
3955
3957
3960
3963
3964
3965
3967
3968
3970
3971
3973
3974
3978
3984
3986
3987
3988
3989
3991
3992
3995
3997
4000
4001
4002
4004
4007
4008
4013
4014
4015
4016
4017
4019
4020
4023
4024
4029
4030
4039
4041
4042
4043
4044
4045
4046
4047
4049
4050
4052
4053
4054
4055
4056
4057
4058
4060
4062
4065
4067
4069
4070
4072
4073
4076
4079
4080
4082
4085
4086
4088
4089
4092
4093
4095
4097
4098
4099
4100
4102
4103
4106
4109
4110
4113
4114
4119
4122
4123
4124
4125
4126
4127
4128
4131
4133
4134
4138
4141
4142
4143
4144
4145
4151
4152
4153
4154
4158
4159
4161
4164
4165
4167
4168
4171
4173
4178
4183
4185
4187
4190
4191
4192
4193
4195
4196
4198
4199
4200
4202
4203
4205
4207
4211
4215
4216
4217
4219
4221
4228
4230
4236
4238
4241
4242
4243
4244
4245
4249
4250
4251
4252
4253
4255
4259
4260
4261
4263
4266
4268
4271
4275
4277
4279
4281
4282
4285
4286
4287
4288
4290
4293
4294
4296
4297
4298
4299
4302
4303
4304
4305
4310
4314
4316
4317
4318
4320
4322
4323
4324
4327
4330
4337
4338
4339
4346
4348
4349
4350
4352
4355
4356
4360
4363
4369
4371
4377
4378
4381
4383
4384
4386
4387
4389
4391
4392
4393
4397
4400
4404
4405
4406
4407
4408
4412
4414
4416
4422
4423
4426
4428
4429
4431
4433
4436
4437
4438
4441
4442
4444
4447
4449
4451
4452
4454
4455
4458
4463
4464
4466
4470
4471
4472
4473
4474
4477
4478
4479
4480
4481
4482
4483
4484
4485
4486
4487
4492
4497
4502
4505
4509
4510
4513
4518
4519
4520
4522
4524
4527
4529
4530
4533
4534
4535
4541
4544
4545
4550
4551
4553
4557
4559
4560
4563
4569
4571
4573
4574
4576
4577
4579
4581
4583
4586
4589
4591
4592
4593
4594
4595
4596
4597
4601
4605
4607
4608
4614
4618
4619
4620
4621
4622
4623
4624
4627
4629
4632
4633
4634
4638
4639
4641
4642
4643
4644
4645
4647
4648
4649
4651
4653
4654
4655
4656
4657
4659
4660
4663
4665
4668
4671
4673
4675
4676
4679
4684
4685
4688
4690
4691
4699
4700
4701
4702
4703
4706
4712
4713
4714
4716
4717
4718
4719
4721
4722
4723
4725
4726
4727
4729
4731
4732
4734
4735
4737
4739
4741
4743
4746
4747
4748
4750
4751
4753
4755
4756
4758
4761
4762
4764
4768
4769
4770
4774
4775
4776
4778
4780
4782
4783
4784
4786
4788
4789
4790
4791
4795
4803
4804
4808
4810
4811
4812
4814
4815
4818
4819
4820
4821
4822
4824
4826
4827
4829
4830
4832
4835
4838
4842
4843
4844
4846
4852
4855
4856
4859
4860
4861
4862
4863
4864
4867
4869
4870
4874
4881
4882
4885
4886
4889
4890
4891
4892
4898
4901
4902
4903
4904
4905
4907
4908
4910
4911
4915
4916
4919
4920
4923
4924
4925
4926
4927
4928
4930
4935
4938
4940
4941
4947
4948
4951
4952
4953
4955
4956
4958
4960
4961
4962
4964
4966
4967
4969
4970
4971
4972
4973
4974
4975
4977
4978
4980
4981
4982
4986
4987
4990
4992
4995
4996
4998
4999
5000
5001
5004
5007
5008
5012
5013
5014
5015
5017
5018
5020
5021
5022
5023
5025
5030
5037
5038
5039
5040
5042
5043
5044
5046
5048
5049
5051
5052
5055
5056
5058
5059
5061
5063
5064
5067
5068
5076
5077
5079
5081
5082
5083
5085
5087
5092
5093
5095
5097
5099
5103
5104
5107
5108
5110
5111
5116
5117
5120
5123
5124
5126
5128
5129
5130
5132
5134
5135
5136
5139
5140
5143
5147
5148
5150
5152
5154
5161
5162
5164
5165
5167
5168
5170
5171
5172
5173
5174
5177
5180
5182
5183
5184
5190
5191
5192
5195
5197
5198
5201
5203
5208
5210
5211
5212
5213
5218
5219
5220
5222
5223
5225
5230
5232
5233
5235
5238
5241
5242
5245
5246
5248
5252
5253
5256
5257
5259
5262
5264
5266
5270
5273
5275
5279
5280
5283
5284
5285
5287
5293
5295
5299
5302
5312
5313
5314
5315
5316
5318
5319
5320
5322
5323
5324
5325
5326
5327
5328
5329
5334
5336
5337
5341
5342
5343
5346
5347
5350
5352
5353
5354
5355
5360
5363
5364
5366
5368
5369
5374
5375
5378
5379
5382
5383
5384
5385
5386
5387
5388
5389
5392
5394
5395
5396
5397
5398
5399
5401
5402
5403
5404
5407
5409
5411
5412
5414
5416
5417
5418
5423
5424
5426
5427
5428
5431
5432
5434
5435
5436
5439
5441
5442
5443
5445
5450
5451
5453
5456
5457
5459
5460
5463
5464
5465
5468
5469
5470
5472
5473
5475
5476
5477
5478
5479
5481
5482
5486
5487
5488
5490
5491
5493
5497
5499
5500
5501
5506
5508
5512
5515
5516
5517
5521
5522
5523
5524
5525
5527
5528
5529
5530
5536
5538
5545
5546
5554
5558
5559
5561
5562
5563
5565
5566
5568
5571
5573
5575
5576
5577
5579
5581
5582
5583
5587
5588
5589
5590
5591
5592
5593
5595
5596
5598
5601
5606
5607
5611
5613
5616
5618
5619
5621
5622
5624
5627
5629
5630
5631
5633
5634
5635
5636
5639
5641
5643
5653
5654
5656
5658
5666
5667
5677
5678
5680
5682
5687
5690
5691
5693
5694
5698
5701
5703
5706
5707
5708
5710
5712
5715
5716
5717
5718
5721
5724
5727
5729
5730
5731
5732
5733
5736
5739
5746
5748
5750
5752
5753
5754
5756
5757
5760
5761
5762
5764
5766
5770
5772
5778
5779
5780
5783
5786
5788
5789
5796
5797
5799
5800
5801
5802
5805
5809
5811
5817
5818
5820
5822
5823
5825
5826
5828
5829
5833
5834
5835
5837
5838
5839
5840
5842
5843
5854
5855
5859
5862
5863
5864
5865
5867
5868
5869
5873
5874
5877
5883
5884
5885
5886
5887
5889
5892
5897
5902
5903
5907
5908
5909
5913
5916
5917
5919
5921
5922
5924
5925
5926
5927
5929
5932
5934
5935
5938
5939
5943
5945
5946
5950
5952
5955
5957
5958
5960
5962
5965
5966
5967
5969
5970
5972
5974
5980
5981
5984
5985
5988
5995
5996
5997
6002
6004
6006
6012
6013
6014
6015
6016
6019
6020
6021
6022
6023
6024
6025
6026
6031
6033
6036
6037
6039
6040
6042
6043
6044
6046
6048
6050
6055
6057
6058
6065
6066
6069
6071
6072
6073
6074
6075
6076
6078
6080
6082
6086
6087
6089
6090
6091
6098
6100
6101
6104
6105
6109
6114
6116
6118
6121
6124
6126
6129
6130
6132
6133
6137
6139
6140
6141
6144
6147
6149
6151
6155
6157
6158
6159
6160
6164
6166
6168
6169
6170
6171
6172
6175
6176
6177
6179
6180
6181
6183
6184
6185
6186
6188
6189
6192
6195
6197
6198
6201
6204
6205
6207
6209
6211
6212
6214
6215
6218
6226
6228
6229
6230
6232
6233
6234
6236
6239
6240
6244
6245
6248
6250
6251
6252
6253
6254
6256
6259
6261
6263
6265
6268
6272
6273
6274
6277
6278
6279
6280
6282
6283
6284
6285
6289
6290
6291
6292
6293
6294
6296
6297
6298
6299
6302
6303
6304
6305
6306
6309
6312
6314
6315
6322
6323
6324
6325
6330
6332
6342
6343
6344
6345
6346
6348
6350
6351
6353
6355
6359
6360
6364
6365
6367
6371
6374
6375
6376
6377
6383
6384
6386
6389
6390
6393
6394
6395
6398
6400
6401
6402
6404
6405
6408
6410
6413
6414
6415
6417
6419
6420
6422
6425
6426
6428
6431
6433
6434
6437
6440
6443
6444
6445
6448
6450
6452
6455
6456
6459
6463
6465
6466
6467
6469
6472
6473
6474
6476
6477
6478
6479
6480
6486
6487
6489
6491
6493
6495
6498
6499
6500
6503
6506
6510
6512
6513
6514
6515
6516
6517
6519
6521
6522
6523
6525
6529
6533
6539
6540
6542
6543
6545
6547
6551
6552
6553
6555
6557
6559
6560
6561
6564
6565
6567
6568
6569
6570
6571
6572
6573
6575
6576
6579
6580
6582
6584
6586
6588
6589
6590
6593
6595
6596
6597
6598
6600
6602
6603
6609
6612
6613
6615
6616
6617
6620
6621
6624
6628
6629
6633
6635
6638
6641
6642
6644
6648
6649
6650
6653
6655
6656
6659
6661
6662
6664
6665
6666
6667
6669
6672
6674
6677
6680
6684
6686
6689
6691
6693
6698
6699
6701
6702
6704
6706
6709
6710
6713
6718
6720
6721
6723
6728
6730
6731
6732
6735
6736
6737
6739
6740
6743
6744
6746
6747
6751
6754
6761
6763
6764
6765
6767
6769
6771
6773
6776
6778
6781
6782
6783
6785
6787
6788
6790
6792
6794
6798
6799
6801
6804
6805
6806
6807
6808
6811
6812
6813
6814
6820
6821
6824
6825
6827
6830
6831
6834
6839
6842
6843
6844
6845
6846
6848
6850
6852
6853
6856
6857
6859
6860
6862
6865
6866
6868
6869
6873
6876
6877
6879
6883
6886
6888
6892
6894
6895
6898
6899
6900
6901
6903
6907
6909
6912
6915
6916
6918
6920
6921
6922
6923
6925
6926
6928
6930
6931
6932
6938
6941
6942
6945
6946
6947
6948
6951
6953
6954
6957
6959
6960
6963
6964
6965
6968
6969
6972
6975
6976
6978
6979
6980
6981
6982
6983
6984
6985
6987
6989
6994
6995
6998
6999
7003
7004
7005
7006
7008
7009
7011
7012
7014
7015
7016
7017
7018
7020
7021
7022
7023
7026
7027
7028
7032
7033
7036
7037
7038
7040
7042
7045
7047
7049
7054
7055
7057
7059
7060
7061
7064
7065
7068
7070
7072
7076
7079
7080
7081
7082
7085
7087
7093
7100
7102
7104
7105
7106
7107
7108
7109
7110
7111
7114
7117
7118
7126
7127
7128
7131
7132
7134
7135
7136
7137
7138
7141
7146
7148
7149
7150
7151
7157
7158
7160
7162
7163
7164
7172
7173
7174
7176
7177
7182
7185
7186
7187
7188
7189
7190
7192
7195
7199
7204
7206
7207
7209
7210
7214
7215
7216
7220
7221
7223
7228
7231
7232
7233
7234
7236
7237
7238
7239
7240
7241
7242
7243
7245
7246
7248
7251
7252
7254
7257
7258
7263
7267
7269
7271
7275
7280
7281
7283
7285
7287
7288
7289
7290
7292
7293
7297
7301
7303
7304
7305
7308
7309
7312
7313
7317
7318
7319
7322
7325
7328
7329
7331
7332
7333
7334
7337
7338
7339
7340
7341
7345
7346
7348
7351
7354
7355
7356
7358
7359
7362
7366
7367
7368
7371
7373
7374
7375
7376
7377
7378
7379
7380
7381
7382
7383
7384
7387
7388
7389
7392
7394
7395
7398
7400
7401
7403
7405
7407
7417
7420
7421
7426
7429
7431
7432
7436
7437
7439
7440
7441
7443
7444
7448
7450
7451
7452
7453
7456
7461
7462
7463
7465
7468
7470
7473
7475
7477
7481
7482
7484
7487
7488
7491
7492
7496
7497
7499
7501
7502
7510
7514
7516
7517
7520
7526
7527
7528
7529
7530
7532
7536
7537
7538
7540
7541
7542
7543
7544
7547
7548
7550
7552
7554
7558
7559
7560
7561
7562
7563
7566
7568
7571
7572
7573
7576
7578
7579
7581
7583
7584
7587
7589
7590
7596
7597
7599
7603
7605
7606
7607
7610
7612
7613
7617
7618
7619
7621
7622
7623
7625
7626
7629
7633
7636
7637
7640
7641
7642
7644
7646
7649
7650
7652
7653
7654
7655
7656
7658
7661
7669
7672
7673
7674
7675
7677
7679
7680
7681
7683
7684
7687
7689
7690
7693
7694
7695
7696
7697
7700
7702
7704
7705
7706
7712
7713
7714
7715
7717
7722
7728
7730
7733
7734
7735
7737
7739
7742
7746
7747
7748
7751
7752
7754
7757
7760
7761
7763
7764
7765
7766
7767
7770
7771
7774
7775
7776
7777
7779
7786
7788
7789
7791
7792
7793
7795
7797
7798
7800
7801
7804
7805
7806
7807
7813
7816
7818
7819
7821
7822
7824
7827
7828
7829
7830
7834
7836
7837
7839
7840
7843
7844
7846
7847
7848
7849
7850
7852
7853
7854
7855
7857
7859
7860
7861
7862
7863
7865
7867
7868
7869
7872
7875
7876
7877
7878
7879
7884
7886
7888
7889
7892
7894
7895
7898
7900
7901
7905
7906
7909
7911
7913
7914
7916
7919
7920
7921
7922
7925
7926
7927
7930
7931
7933
7934
7937
7938
7939
7940
7942
7943
7944
7947
7948
7949
7950
7951
7957
7961
7962
7970
7971
7972
7974
7976
7978
7980
7981
7986
7987
7988
7990
7991
7992
7994
7998
7999
8000
8001
8005
8006
8010
8012
8013
8016
8021
8022
8024
8025
8026
8027
8032
8033
8034
8036
8037
8040
8044
8045
8049
8050
8051
8052
8055
8056
8057
8058
8061
8062
8063
8064
8066
8070
8071
8072
8075
8077
8079
8082
8083
8085
8086
8087
8088
8090
8091
8095
8096
8098
8100
8103
8105
8107
8108
8109
8110
8111
8112
8115
8118
8119
8120
8124
8125
8126
8127
8133
8135
8136
8137
8140
8142
8143
8145
8150
8152
8153
8155
8156
8157
8159
8160
8164
8166
8169
8171
8172
8174
8177
8180
8181
8184
8186
8188
8189
8190
8193
8196
8197
8200
8202
8203
8204
8207
8208
8211
8214
8215
8219
8221
8223
8224
8226
8228
8229
8231
8233
8235
8236
8238
8239
8241
8244
8245
8248
8249
8253
8254
8255
8256
8257
8262
8265
8268
8271
8274
8275
8277
8279
8282
8283
8284
8286
8289
8292
8293
8295
8298
8301
8302
8304
8309
8311
8312
8314
8318
8320
8321
8322
8324
8325
8328
8333
8334
8335
8336
8338
8343
8345
8350
8352
8353
8354
8356
8360
8364
8366
8368
8371
8373
8374
8377
8380
8381
8387
8389
8390
8393
8396
8397
8398
8399
8400
8402
8406
8408
8409
8410
8413
8415
8416
8417
8418
8424
8427
8428
8434
8435
8436
8437
8438
8441
8443
8445
8446
8447
8451
8452
8455
8457
8459
8461
8463
8464
8466
8475
8477
8478
8479
8482
8483
8487
8488
8496
8499
8501
8502
8503
8504
8507
8510
8511
8514
8516
8521
8522
8524
8526
8530
8534
8535
8537
8539
8542
8543
8544
8545
8547
8550
8551
8553
8556
8557
8558
8564
8567
8572
8573
8574
8575
8576
8577
8578
8579
8580
8581
8583
8584
8588
8589
8592
8593
8599
8600
8601
8602
8606
8607
8609
8610
8613
8615
8616
8620
8621
8622
8623
8625
8626
8630
8634
8636
8637
8639
8641
8644
8647
8648
8649
8650
8653
8654
8662
8663
8667
8669
8670
8671
8673
8675
8676
8679
8680
8681
8685
8687
8688
8690
8692
8694
8695
8696
8701
8702
8703
8706
8708
8712
8713
8718
8719
8722
8723
8726
8728
8731
8734
8735
8736
8739
8740
8741
8743
8745
8746
8747
8748
8751
8757
8758
8760
8761
8762
8763
8764
8767
8768
8772
8774
8776
8777
8778
8779
8781
8783
8785
8786
8787
8788
8789
8790
8792
8799
8802
8804
8807
8808
8809
8810
8811
8812
8815
8817
8819
8820
8822
8830
8831
8832
8835
8836
8837
8839
8842
8843
8844
8848
8853
8854
8857
8858
8859
8863
8867
8868
8870
8872
8876
8877
8879
8880
8881
8883
8884
8888
8889
8892
8893
8894
8896
8898
8899
8903
8905
8907
8908
8909
8911
8913
8915
8921
8922
8924
8925
8929
8932
8937
8940
8942
8943
8945
8947
8954
8955
8956
8957
8964
8965
8968
8970
8972
8973
8974
8978
8979
8980
8983
8986
8988
8991
8993
8999
9000
9003
9004
9005
9009
9012
9014
9016
9021
9022
9026
9027
9029
9030
9031
9032
9033
9035
9036
9038
9039
9043
9046
9051
9052
9054
9055
9057
9058
9059
9062
9063
9066
9069
9073
9075
9077
9078
9080
9085
9086
9089
9090
9095
9096
9097
9099
9100
9103
9105
9106
9108
9114
9117
9125
9127
9130
9132
9134
9136
9137
9140
9141
9145
9148
9149
9150
9151
9152
9155
9159
9161
9163
9164
9166
9167
9168
9175
9177
9178
9180
9183
9185
9186
9187
9188
9190
9192
9194
9195
9196
9197
9199
9202
9204
9207
9209
9211
9213
9214
9222
9226
9228
9229
9232
9233
9235
9242
9243
9245
9246
9247
9248
9249
9251
9255
9257
9258
9260
9262
9263
9266
9267
9273
9275
9278
9280
9287
9289
9291
9293
9295
9300
9302
9303
9304
9305
9306
9307
9308
9310
9312
9313
9317
9318
9319
9326
9327
9329
9330
9331
9332
9334
9338
9339
9340
9344
9345
9348
9349
9350
9351
9352
9359
9362
9366
9371
9373
9375
9376
9377
9378
9379
9381
9383
9384
9388
9392
9395
9397
9399
9402
9403
9405
9406
9408
9410
9412
9414
9418
9420
9422
9423
9425
9426
9427
9428
9433
9435
9436
9439
9440
9444
9445
9447
9451
9454
9456
9457
9459
9460
9462
9463
9466
9469
9473
9474
9477
9478
9479
9486
9487
9488
9489
9492
9495
9496
9497
9498
9499
9500
9502
9506
9509
9510
9513
9518
9520
9521
9522
9523
9527
9530
9531
9534
9535
9536
9538
9540
9543
9544
9548
9549
9551
9553
9554
9556
9559
9562
9563
9566
9568
9570
9574
9576
9577
9578
9579
9581
9583
9584
9585
9587
9590
9594
9595
9596
9602
9607
9609
9611
9612
9615
9617
9618
9623
9625
9626
9631
9632
9634
9635
9636
9637
9638
9639
9641
9643
9646
9649
9650
9651
9652
9655
9658
9660
9661
9664
9665
9668
9669
9670
9671
9672
9673
9675
9678
9679
9681
9683
9685
9689
9690
9692
9693
9695
9696
9697
9698
9699
9700
9702
9703
9706
9710
9711
9713
9714
9717
9718
9722
9725
9726
9728
9730
9731
9733
9734
9736
9737
9739
9743
9744
9746
9749
9751
9752
9754
9755
9757
9758
9759
9763
9765
9769
9772
9774
9775
9778
9779
9782
9783
9784
9788
9791
9792
9793
9796
9800
9802
9805
9806
9807
9808
9810
9811
9815
9816
9817
9819
9821
9823
9824
9826
9827
9828
9829
9831
9832
9836
9837
9840
9841
9844
9846
9850
9854
9855
9857
9858
9859
9862
9863
9864
9865
9867
9868
9869
9871
9873
9875
9876
9877
9878
9880
9883
9884
9885
9887
9888
9890
9893
9895
9900
9902
9905
9907
9911
9912
9913
9914
9917
9918
9919
9921
9922
9924
9925
9928
9930
9932
9933
9934
9935
9936
9938
9939
9942
9943
9944
9945
9954
9955
9957
9963
9965
9969
9971
9974
9975
9980
9981
9984
9985
9987
9988
9989
9992
9993
9994
9995
9997
9999
