2537
655
2519
5286
9780
834
4935
8038
9383
9014
5867
1195
5208
8609
3604
3013
8530
1118
8277
2612
6815
8898
8799
6610
1507
5725
3625
3496
5438
5425
5912
4810
3580
8692
7781
9197
145
1880
5669
7302
3938
3995
654
5259
6249
1858
6323
4204
8852
4634
405
8469
6144
8427
8336
7301
7976
719
4857
3155
5249
8420
1350
1573
2743
8815
8737
121
1073
3454
3493
6951
1703
3369
8811
7131
1182
2520
390
7524
5435
621
1434
1201
890
2917
4128
9144
1155
9421
3730
4238
6679
6358
7392
6627
7095
5184
277
6382
1939
8763
97
1037
9595
746
1190
5861
8239
1739
4749
4938
1418
4613
7171
6250
6474
505
7766
2562
8741
3603
2235
6407
8942
4833
2361
4884
6114
183
9069
9095
2317
2020
685
83
9384
9776
6457
8801
8971
1395
4993
3442
5634
3470
6761
8398
2334
2638
3015
3618
4141
3184
1878
2972
9295
892
8993
7558
9006
1199
4763
1104
4108
1609
3235
9513
7983
5421
5852
2101
3843
1640
4672
1144
3171
5207
7961
7384
5380
5009
9572
2497
9267
9288
5972
5183
7018
2763
80
5132
4034
3630
7146
4534
5890
2201
5433
7864
7584
7297
5878
5005
7979
9039
1784
2880
1344
4598
2294
8825
3219
4313
1253
1236
306
8310
512
9534
9485
6638
9668
3486
601
9038
4270
8905
8843
7735
2436
5994
6431
3659
9661
4768
2194
7614
8211
8363
1484
6501
5962
8228
174
3914
2718
8424
2300
7311
2609
2936
9280
9271
2396
7922
5879
663
3586
7990
3797
1030
4332
6053
3835
702
3388
8486
5919
6359
7696
7449
761
9957
5310
1692
8543
4481
4315
9481
8919
9342
2849
6172
6202
5986
9629
1276
8466
4122
6166
3652
8461
6650
5782
5654
7977
7899
109
8223
2277
7208
2714
3769
1264
8431
4601
3466
2462
3063
2579
5935
9899
3774
6794
5411
1857
7890
7845
7849
3453
2642
6733
368
3993
707
2096
9397
2640
2208
8400
643
9377
2407
917
2726
4232
2950
8465
6643
9235
9783
4645
1405
3549
7360
7724
7892
2795
3595
6731
2339
9547
2980
8370
4334
2748
5615
7430
1128
3766
6197
6316
2167
1779
272
3316
8565
8264
6878
2451
1578
2907
7797
640
8707
8247
1926
1527
7902
2136
8836
20
7070
8554
6893
6069
712
8681
7029
3760
7900
6247
5743
9440
1601
6972
9763
4171
7818
3810
1374
4642
8909
6696
4224
3097
90
117
9470
8562
1931
8516
118
6145
3366
5176
6699
5936
1747
2536
6981
4156
4282
8784
6940
9252
5991
4515
6512
3338
6771
9046
9136
7905
2929
6066
9161
9092
7926
4158
5025
9465
5642
6523
2263
1952
3765
7318
2651
1643
3514
8329
6563
5545
9021
853
2634
6376
87
1493
2382
7728
7134
1445
1050
4311
3634
6076
1312
619
6297
6565
8537
4694
942
2872
8100
7193
176
3305
8490
4686
3191
551
8365
8452
3796
2777
591
5894
3920
5
2580
1423
4521
6545
5786
6475
9660
3282
8483
252
1125
1478
9005
4662
9562
5704
5694
4531
3708
3188
7451
6619
9420
77
4278
2868
6671
8295
1745
9153
1186
8244
4822
5571
1918
8410
4223
8814
9484
4099
7255
6179
9227
7924
3986
5566
7518
7549
449
7897
1905
4225
1107
6270
3611
3768
5173
6758
9502
8463
8777
160
9721
4068
4707
1524
6537
5604
1246
9086
2925
7808
5143
5793
3581
9400
4409
2995
3116
8176
3272
3848
3966
4349
9733
3756
3323
4092
5834
2556
1748
1965
1286
8072
9701
8872
693
9620
6082
5168
8067
4502
8042
2997
8375
4592
6519
3639
2102
888
8614
6934
7837
8860
534
8233
5690
6451
2864
7491
1973
8491
7538
5172
138
194
9679
6217
1651
5332
5925
4255
3067
8988
4307
3886
4414
7723
5622
5996
3014
8172
6946
3450
6867
6100
5982
6564
4582
7385
2948
2149
3745
1637
4423
3864
9099
7082
6241
3213
2390
9713
7750
9445
2894
6907
8186
2204
8471
8749
9450
7973
4916
4112
9211
9304
782
6528
1622
2677
984
3531
4167
9435
9628
7371
5484
4257
5915
5904
9181
9134
9590
5639
325
6747
1987
5753
3260
8822
2860
4664
5819
5327
8364
7988
7323
1285
6244
4695
7599
2374
2746
5528
6912
6632
1169
1297
2655
5630
3740
5137
5192
4774
4383
6480
4445
7290
5951
8536
7378
6783
2742
9984
379
2049
3845
4123
9530
3451
2735
6506
1688
1566
1046
7753
8986
882
432
6505
8585
1364
9927
4301
2545
1382
6388
5069
3758
4054
4656
7261
2072
2151
8631
2796
469
576
5847
5329
7802
7655
8857
4464
9373
7289
2214
9618
2901
7481
7127
8577
8746
5074
5689
9652
8842
3722
1468
7240
5045
5993
6754
9319
2552
4974
173
2
8575
2234
5635
4699
7688
8768
137
8060
7817
4909
150
7053
4800
3789
119
8982
6122
3090
6746
9185
7162
6468
4095
2676
6386
6200
3615
4309
1298
6918
3925
9765
4455
4665
8716
4405
6766
3081
1122
2989
2239
4745
1809
7461
7419
4459
8061
3077
5254
318
2493
814
8765
363
3047
1676
4623
4411
9746
7184
135
3815
9495
2469
242
8087
3559
5602
6886
5105
8166
6085
7598
520
9684
1315
2394
919
4367
6430
1170
8900
7703
2976
3149
4098
6252
207
1999
4079
6305
7258
4050
550
3264
7551
1540
8539
3416
7747
9541
5114
5294
2599
692
9494
8535
2002
4151
7885
4896
3256
5906
854
3569
1851
3867
7114
5317
247
9935
4524
1961
6485
3983
147
689
7787
2540
9137
1467
4076
2584
8191
1498
9545
9326
980
5825
2522
8788
1760
2062
7993
3813
5190
5691
7188
3162
350
6190
5869
9670
9835
647
7952
7169
4829
8893
8030
3110
3058
8907
5697
5304
7675
4511
2628
1129
8703
9080
7363
4845
9444
8874
6015
7440
12
8290
6211
3040
307
5966
3913
5255
1038
8831
6349
3111
8587
8152
2526
4639
9996
6715
5277
1810
9322
8573
1093
718
2127
2927
513
3311
1754
7953
3140
1618
522
6367
8027
8616
4194
805
6003
3617
1162
215
3420
8052
1311
7669
995
5914
9979
6047
956
4356
8668
667
1154
4980
1277
3538
8512
1592
1659
3785
8711
6314
3105
3165
8622
9077
2932
6803
1729
5865
7516
6998
1706
2734
2956
6580
8269
5530
2592
8748
7259
5773
5164
5320
6091
6756
7055
5300
3944
8940
3505
6146
4163
5899
7413
7332
9265
4
568
4661
268
8481
9230
4946
108
4921
3636
3520
5160
356
4522
8377
2535
1545
9529
7543
5828
2558
2268
4342
9033
4094
3818
4199
8924
1506
6551
3563
1265
8946
7906
2833
8000
1563
4922
613
9122
9414
9665
5479
5701
7116
6825
1975
3715
188
6267
887
4994
8592
675
5232
8847
9345
5355
8232
9848
2510
828
6437
9944
8270
1476
9399
7077
4748
6461
2426
2166
5508
1353
9626
808
6541
4302
1394
6530
8222
7119
2137
2210
7880
3246
7994
6477
9347
8590
4035
3971
1174
4363
7047
5299
9218
1844
6777
9574
5985
5707
3121
9024
5645
397
4995
2774
5730
7246
9346
7217
736
3826
9426
6125
9417
1406
1842
894
9084
2420
4714
226
5625
1824
5000
7374
7720
373
9971
3425
3472
3340
8574
9908
7914
2316
302
6171
8632
713
4186
2791
985
4654
3289
9747
870
7618
9202
1092
6368
4446
5902
1768
313
4793
6333
3788
6238
8332
1632
5169
7941
8710
1443
3055
3259
8203
7504
353
652
9247
8674
4996
5466
8028
6446
2573
8794
5682
5766
5823
4954
3870
8213
4520
1016
4222
6344
483
4591
3696
2486
5600
8870
2249
1439
6263
8532
3727
6838
3939
2503
6988
5119
5396
9654
2159
9422
2271
3315
9554
5063
8583
2216
8838
2379
2590
5202
1112
1940
3017
5204
2385
484
5222
6784
6738
4971
8949
4486
2490
3080
1750
2156
3027
430
4373
3784
3805
9966
428
5887
1303
7809
2197
8231
7681
6127
9849
9544
9232
7764
2254
2684
3167
9488
529
6695
246
4422
6768
3647
3324
3352
1084
2902
7198
8755
5324
7497
4044
7006
6634
686
6233
5127
6458
8606
631
8531
1792
7400
7486
695
4026
8499
6482
644
6348
8457
9234
9020
4771
7202
6522
4990
4685
7559
2728
6922
4824
8813
9338
2331
7596
7401
1482
9898
1855
2946
2217
6441
6776
9875
7388
409
2931
7434
3309
7450
9146
9123
9725
2687
2025
1495
1871
9037
5947
1398
8717
6293
8384
2620
6205
6236
720
2800
5492
2460
2657
2370
8613
841
6875
5048
5072
7312
4732
2961
1927
8696
8667
58
4147
201
7515
8154
8170
95
8085
3898
3554
7795
7435
6720
9217
1301
8925
4010
4557
3402
802
3029
2430
903
5719
602
9538
532
4890
9970
1437
804
1785
6832
2921
2644
4660
9627
9165
8778
588
1526
4904
5290
6039
6209
1109
7002
1064
4798
7714
2205
2000
4497
5394
6780
3439
3426
954
1791
8547
7925
4706
6997
5186
9375
5798
2126
8133
8155
8070
9356
9064
4760
3172
26
1937
393
7617
1933
3397
9685
8704
9894
5469
5729
3479
186
3297
4615
4169
8969
5043
4920
8302
5308
101
1866
5461
5593
6489
478
2878
3179
5416
5537
7850
7775
583
2225
7889
2546
7547
5491
7578
9275
918
4905
5170
9027
3413
9919
5794
1085
2447
4596
511
5557
6148
2720
6383
3071
1915
5051
5153
519
4449
6781
9505
8144
3894
6089
7405
4959
3542
8950
9720
1839
6132
8894
3312
1518
7271
8291
9396
7908
8193
2525
3117
5573
9744
5085
5364
2348
1610
2175
3362
599
7527
6351
1898
68
5096
722
1427
8479
7650
756
1690
5120
369
5115
8521
5258
3286
9940
4696
4533
5229
7228
1928
4468
8453
2581
4484
1876
250
1678
3385
5740
5219
4441
2320
9597
4012
2807
1168
5102
5550
7269
832
2132
476
7713
827
1736
6285
9259
1411
8727
6422
2933
7305
5827
9852
5445
3247
1287
7630
2160
1523
7673
1594
7465
5086
7626
7710
9739
3667
2355
4228
5955
6424
3005
5413
5321
7427
9301
496
1071
7788
1850
5759
7843
7557
2799
4625
5712
2088
1687
6647
1753
5340
1163
4950
7553
6567
6774
3909
9675
2606
7904
6289
1083
5583
3412
7064
7133
5607
8747
2836
8975
9335
1874
7585
5331
1600
7295
2887
5047
6649
1141
1782
8732
5365
8099
1008
9759
3566
9699
8932
2404
2445
7422
4776
6390
7327
3206
3370
5188
4911
8634
7123
5641
1463
134
6623
2090
4820
1023
6050
871
14
5886
1798
4624
8451
3855
7074
6460
5213
6272
6653
9050
9924
3461
2842
9965
2279
3084
6302
5903
6836
2528
4727
2057
9802
191
1176
258
2360
7975
7156
8468
1388
8735
6814
7472
6975
8620
7445
6949
8805
6304
5822
3699
3045
6960
122
8162
3879
4412
6732
6013
549
9918
7918
8533
8621
9682
9268
2328
4579
8783
1282
1450
2009
3871
5167
9531
8802
7868
8890
9625
9439
9284
4418
6539
9889
2560
5023
433
7403
2815
9282
6378
89
3841
3720
4200
7423
3844
4702
6012
2716
3449
2892
7870
8010
6540
2414
8588
1373
290
9490
7561
9098
6140
2491
5956
9767
4618
2134
504
5156
3877
4737
1386
4693
423
5377
8114
2391
9904
6041
8396
224
2350
3972
676
1039
4142
630
6976
6421
8278
2065
1086
9216
2302
2255
7028
2105
9591
6074
914
4947
1431
7456
4848
6054
1239
5400
9766
3030
6618
8517
2141
6411
5741
1935
3973
8623
6549
4321
7062
9634
2809
8062
9104
9587
1189
4879
7651
8205
1263
6862
4063
6167
3383
6311
3139
1950
8333
3606
5948
5224
1371
1728
4733
6016
6897
2827
446
5262
8861
6189
6714
951
431
8508
3802
3267
3902
9145
8054
6113
7769
6164
8323
8839
8445
3112
9933
5781
3196
3888
2152
9893
4346
7130
3562
98
2366
8625
6532
3677
3130
5559
2587
7879
4344
5595
7831
337
798
9460
4353
8705
2899
7834
6917
8974
5002
7521
5342
7032
9207
2745
2215
2188
6573
806
2092
5361
4786
3205
3778
6334
5532
6137
1981
9406
5505
4823
6312
1597
4260
2765
5552
5655
1474
2567
4487
9540
5512
70
8221
557
8035
9926
801
4303
852
5616
3654
9792
8253
5942
2321
2064
1582
279
195
5075
754
466
7689
4868
5379
7324
6845
1777
9081
8267
5228
998
5801
7847
983
708
7016
8432
1065
8698
5378
6258
7372
8482
4638
8954
9463
1514
7341
909
5699
1510
2076
8157
8819
9315
7670
8202
5233
8885
8792
2265
6303
3498
5671
8624
8493
6307
6309
2650
2109
1327
6396
607
2272
8998
9781
3136
9846
9664
493
2116
7829
6659
2169
1458
3610
569
4029
7607
1644
8806
3217
1462
5288
4031
889
1179
4429
6298
3533
1790
5030
5271
8256
7477
8873
9892
2122
847
286
598
577
4681
5961
2053
8780
3653
154
7345
4078
1220
5349
5246
8
7643
310
8352
3199
2183
1242
5735
2702
7411
8868
4708
31
9314
5797
7700
9637
4020
3917
3573
8611
6915
9757
6398
6655
6434
575
4425
9093
28
3150
9200
5647
6701
6389
3950
993
4647
4386
7660
2941
2732
5586
2481
9499
453
5180
5301
743
2993
4380
6991
2786
660
6891
9639
6230
6280
2376
5307
1664
1447
4543
323
3148
8074
1565
2449
8889
9404
7344
875
8189
5643
2944
9462
696
7252
9902
3588
6024
1553
1147
293
7966
208
5897
4858
1954
4008
3185
517
6495
7884
8997
2521
8908
4375
6835
6651
3681
9148
304
2780
460
2767
6454
5907
351
3322
969
1735
6612
5357
5467
4286
3755
7702
5555
7129
9188
4396
1221
6071
4747
1909
7577
9510
303
6025
1160
4006
7745
157
3861
7432
8013
5066
376
1989
5746
5315
1070
9586
1412
9812
410
9680
2518
6724
6502
8022
3738
5008
1399
6844
4842
524
6700
6697
872
936
4073
4875
6547
5044
1807
7767
6591
1661
3492
2764
6648
6848
6046
5558
3294
8589
990
5605
4719
4472
1126
2635
6853
6498
9580
6261
374
4859
1421
2749
518
7680
2244
1158
6206
3401
1377
5705
3031
9804
1352
3594
1996
9799
9764
334
9009
819
6481
6942
5179
5018
3082
6371
1293
129
7206
3990
662
53
60
1470
7587
731
5790
8315
4864
7266
2325
3410
8751
6615
6491
6329
3900
5672
1040
1689
1173
5242
2220
7743
3690
3376
1960
1430
8014
5667
309
4885
1475
5876
4096
5014
8404
5138
9568
8282
2468
2850
3431
38
4569
9588
9936
963
8026
784
5071
2965
7068
8594
8670
9559
1797
3803
8077
9808
5402
1705
7921
435
1587
924
6526
1223
5614
6913
7467
3887
8964
9535
1309
5490
8417
354
443
5283
2984
2336
1717
3561
2060
2739
5053
6596
7292
6213
3713
355
856
9563
8694
4403
1441
1295
6435
239
3974
4219
8059
581
7333
8387
5910
3644
4856
4750
2671
3433
1629
6121
9073
8724
2669
1885
9900
9615
2672
8480
8546
1943
6044
3380
9226
1639
9492
7303
1808
603
3859
4794
3969
8064
9030
3571
1188
1771
9857
3728
1459
3174
3060
9982
3750
7772
1591
5178
2938
8849
1657
2752
1043
263
8201
4659
489
2299
1119
911
6977
3814
3757
3427
1403
6229
8174
1802
7262
2418
4945
9299
9187
6510
5227
5010
9164
1393
4736
4529
7005
1882
709
3373
7021
4275
8050
8301
1774
4847
8207
6857
3791
2287
9194
5981
3508
6031
7149
2021
2031
2682
3558
7734
1822
7306
8108
7736
4700
7359
42
3423
9155
329
3856
6009
9528
4131
276
3488
4351
3231
3927
8657
6538
9022
6729
803
3707
4058
1971
681
4576
6170
102
5679
5995
3332
1786
1088
2937
2424
1959
5306
744
131
3931
5481
2498
1326
5762
3763
9610
4673
9192
4782
200
8731
3800
9953
1136
7738
5761
3321
1516
6471
7140
3035
5135
3804
5767
5189
9031
7049
5139
580
3153
7320
5659
9242
4350
8929
8555
3489
6168
2211
8553
7645
4444
4713
6509
1697
6453
5609
664
5083
7216
2751
6028
450
4217
5527
2982
7275
8138
910
3138
9429
8505
8599
335
7329
3002
1436
8607
4578
5775
8965
4594
5811
6338
8380
1134
2744
1955
4421
931
9090
9508
8509
6163
4753
7137
5758
1719
8175
6104
6234
1847
2626
2890
2191
4126
8418
3465
8721
447
9135
9156
2829
7408
3984
9055
9035
6796
1006
3852
5815
4358
8450
6762
4366
2395
3703
5087
3016
6553
5516
7917
6626
7235
538
1543
7242
3751
716
657
3201
1465
2363
8651
896
9937
2261
9707
5711
1213
4066
1233
7168
1674
4266
7362
9518
2402
8640
5591
4436
1082
3883
2841
9856
3637
7514
5282
9520
2389
1549
516
181
7142
6570
1904
6840
9213
7232
7485
7453
4741
8090
5372
5293
8754
2674
8812
4861
5455
5709
7590
8066
4494
3648
3752
2492
7821
1081
6467
2511
1407
6466
2130
9954
3967
9154
9873
6306
6927
388
1216
2893
2330
3735
1363
5068
1318
5832
7820
2337
1494
8101
6876
7950
5676
5459
7346
1258
1321
1949
958
338
2594
9442
9896
3612
8145
8556
1512
1681
4608
9433
285
5453
2597
2817
1212
7288
3674
9352
1332
4372
2471
996
205
8720
9419
6296
1191
3753
2624
1279
36
8257
4475
4157
9697
5303
5780
2422
7237
2375
9557
7428
5464
1205
8903
4631
5969
3622
2775
5646
921
9768
3924
8167
1143
7740
4514
7247
2524
204
3291
5059
6889
1806
7972
2928
758
7213
451
4982
9160
1599
4780
9786
1820
6401
8361
8122
1604
185
9865
9151
6959
3650
5547
5502
9245
4193
3232
1593
4018
2604
4942
4957
4191
7754
5463
2958
3257
7152
5866
6995
3504
7161
3164
7151
100
2332
2826
2879
7108
3651
9832
9008
1767
5963
3640
6075
3405
6584
9973
2365
1342
6601
5964
3473
7120
3394
9824
7956
4811
4899
706
1177
9254
2485
3889
4304
9643
542
4839
6195
3079
725
55
3355
5234
2240
3396
1433
4554
3786
9331
4653
6187
9170
1633
9441
6819
3128
2372
4538
4019
346
6741
6769
2474
6837
4795
8699
4048
9358
6061
8340
1840
220
8643
21
1262
8040
2459
5248
7760
5215
3872
1018
7726
5456
2357
3418
7635
4030
9206
7562
2005
234
978
6265
7291
4040
547
4907
6108
2964
4761
3937
9950
7839
2113
5145
5619
7622
5688
6704
9071
9047
8906
6005
7347
144
6925
9007
1335
4765
480
1198
2619
3777
5680
1110
7101
1338
434
8159
2959
3437
9623
9914
400
7512
9307
4339
5235
8125
4210
1588
6279
6957
1502
6969
775
4906
9709
1370
9176
2643
2591
9782
5612
7270
2467
2224
9479
5718
9313
2970
786
4378
4752
2881
6745
1178
106
7011
4245
2306
3056
6380
8096
7613
2788
1336
840
8545
1267
4124
1812
6813
1544
6514
4577
5026
5650
6811
9372
4359
5838
9571
9309
6196
6575
934
3419
3773
626
955
6708
1076
143
3929
2853
2553
5662
2971
1139
6694
3621
8151
7615
6256
2803
8359
5816
2496
236
6099
6673
972
9369
1055
6954
1167
5637
9683
9997
1027
1720
1067
8642
3481
5660
6251
6423
916
637
155
6347
3968
8595
7882
349
9834
884
269
6497
5405
4207
4860
486
9827
975
2073
9177
543
2472
7916
85
6182
791
6410
1015
4930
1683
4814
7511
7935
5494
7971
240
9905
1193
8051
2273
7529
7597
2886
1316
4102
6397
7040
5022
1982
4137
9825
560
812
9990
8141
6253
115
4333
1778
5864
1570
2309
1408
6177
4401
7136
5943
809
9003
7460
8511
7030
3003
5720
9051
1517
3602
5518
880
8095
8540
9048
3475
1756
4213
1865
3339
925
8772
2575
1013
3817
904
4258
1114
4062
6245
2960
5774
2362
4565
5916
333
674
2688
4045
948
7523
2324
3744
4919
7439
8816
5629
7234
7830
8109
3337
2381
3506
1547
571
6574
3897
5564
3011
1469
105
5523
4028
5506
862
3248
3589
9576
5395
5543
697
977
1175
9833
7814
8153
4838
9994
8113
1383
531
9646
1631
7118
1641
4874
9946
7281
1908
3480
5941
4089
2282
6266
5845
6275
7652
8349
2237
9362
7464
6562
5275
3279
2918
8568
5462
8249
3314
3970
4190
2285
1208
6292
3725
886
1001
2054
4009
4074
1891
5148
1103
244
816
6045
9427
559
4081
5556
7807
9229
3135
4953
5565
2679
1252
7815
8405
5106
790
6228
627
8473
6158
9740
6288
4033
9881
9567
1655
2405
5424
9119
4017
4136
2144
7348
7470
7765
4478
9963
6259
259
3526
976
3143
3688
2577
3083
3626
7803
295
270
1449
4561
9447
6385
2483
5785
1345
4027
3529
1102
8178
6764
9487
3994
6594
897
8930
8952
7004
5408
4537
9642
4419
4688
3849
3899
4606
1281
9100
457
3207
2158
4053
7741
3095
5054
5542
7296
6920
8626
9798
8438
231
6680
370
1051
7957
2858
6079
4784
221
6269
5122
9241
3118
7707
9032
2828
6936
3375
8475
463
5417
2001
2029
1923
7322
2557
4855
7782
6834
537
8615
938
2766
1391
162
7085
8021
8458
3776
5389
8242
8787
7336
9815
2185
168
5702
9425
4817
9870
2593
6548
7383
3198
9678
4691
9943
4001
820
6826
5531
8318
2753
4070
4119
8883
5468
2782
1366
5037
2454
2977
3572
1653
4072
5206
6449
618
4390
6755
8338
2173
9921
9769
9205
7682
6860
5117
6086
7962
5880
7001
777
4849
2760
7019
552
4641
7416
8437
3499
9960
2846
629
5338
2473
4135
2457
3547
5436
4424
7985
9826
3395
3296
2059
8353
8743
7548
7081
6255
8700
1480
153
5144
7386
4229
1529
4726
4090
9478
5414
6081
3829
2195
5226
4365
5034
6301
8567
7938
5953
7368
491
4279
9221
2985
9195
1211
1970
7248
6115
6561
8246
9771
3567
3361
2611
528
5194
1668
3379
2187
2352
7215
8522
9828
5627
4926
8097
3325
7770
7310
1229
7592
227
2012
2544
7581
3977
4587
7084
3458
8996
7756
6606
1306
9877
7493
7539
2117
2276
8725
4512
1442
5279
7003
9731
3981
164
454
688
2572
4929
2442
521
3335
2978
5503
5386
740
3252
5933
1152
1934
8891
4678
6017
9467
989
4276
5442
4755
8226
2063
4067
6330
1951
4914
1002
2568
2698
4787
6040
3195
6131
6095
8498
7550
7398
9923
876
1435
8863
2250
3601
3346
2084
4830
459
7076
4371
3070
5732
926
6490
4471
8800
3891
8478
2019
8680
7500
2974
8618
5863
9273
9938
9210
7888
4963
7872
6058
8548
448
7358
8123
1964
6805
4528
3152
2534
6924
8378
2973
7570
1000
4382
8501
7046
3183
65
3220
2094
2465
8968
6199
1929
2437
1724
1313
3596
9336
9105
5280
3329
278
2245
7260
6851
3860
6038
8078
7903
5877
6500
823
1314
5722
2138
4148
544
2883
3448
4933
5974
7984
7233
9327
3714
5696
225
427
8829
5256
8904
5163
3633
5252
1115
8502
3283
6428
6635
2504
2571
4718
8564
908
7642
2045
4231
5846
5319
1066
4867
5618
8411
2617
8212
3919
6023
1094
9619
1422
5632
9260
8676
7276
1628
8088
9811
3012
1491
3224
3092
6488
8430
170
189
7404
5302
7603
5134
8294
729
6393
1625
2145
5745
6677
408
8393
8718
9548
6713
8366
7571
730
9611
8854
8636
962
116
8688
4308
3565
3717
5519
4049
971
7431
6188
1665
1561
2181
2359
7824
9118
9049
6829
3534
1693
9334
1766
2319
5954
5548
1552
7473
9986
3347
1196
6842
2378
6152
1930
5061
3695
2035
7063
8273
5606
8243
3754
703
6800
3842
8781
2649
5678
7586
6373
9890
5844
3142
5804
3468
6712
4893
2100
9471
781
4563
482
6208
2727
1924
3858
2903
4968
5496
4901
5813
8803
44
2078
4134
5077
8830
2479
3234
5499
3039
8665
4584
8023
4756
8124
2133
1392
4127
4038
2779
9735
7201
735
2600
7014
9992
6432
8991
7375
7109
6429
362
1048
9296
8118
2954
3524
2318
2157
8617
2161
4236
2565
3570
7656
2585
4025
1240
4553
6331
5216
3605
436
1548
1218
6663
1884
1501
294
3853
9947
1340
5784
3827
3576
7536
4055
7326
8992
9723
5809
4595
3975
7492
4039
922
9387
7250
9677
9388
767
1669
8196
6418
1379
4168
6353
8488
9801
8528
1740
4781
34
4310
4676
5983
9498
6923
2017
6628
5546
773
2693
213
2329
5582
5576
6254
3230
3061
4837
869
9550
1260
237
665
3771
6753
5403
7390
8169
9638
2207
7959
5391
48
2699
360
5376
5099
3712
2662
4663
1060
1732
399
5273
6029
2648
455
7361
4483
4934
3125
759
3268
2091
7496
1967
5921
7633
169
8957
6944
9884
8489
2335
6159
5359
8082
988
2446
4022
8433
2541
6908
4944
6859
2942
5452
788
6698
8168
1638
4011
7083
3180
3903
2200
9886
4918
9692
6727
3462
8709
5029
9621
3557
7786
3490
762
332
4206
8880
3798
6546
1837
7393
9368
9238
1271
7407
4320
5158
6097
4299
6339
8551
3836
3583
649
9025
2461
8164
1047
6098
5854
2037
7685
9728
2421
4658
391
7110
6614
7412
5874
8360
4184
6827
3384
6916
3807
6409
4657
7930
2912
8319
4797
670
4125
8262
6865
5420
3792
1471
9539
6248
371
683
7627
5771
2439
7316
7036
8660
8464
3686
5111
2172
2797
1534
1730
6748
641
4949
2125
5517
7698
7091
6899
9083
6666
3236
8981
9412
8663
5373
8309
3770
5668
3319
9758
4931
3988
9779
5067
7552
8955
5658
5520
7987
9281
7157
2480
9964
1025
9454
114
1564
6325
7391
6494
1542
7267
1715
3942
5314
8039
5323
7996
7126
5129
4413
7366
7034
2466
6993
1214
7128
3457
179
6861
1361
1249
7205
9863
3863
161
3683
8958
1988
1650
2416
9175
3210
418
9266
9955
842
5165
8015
3406
4061
7218
4882
4541
2383
6356
6569
3275
7212
5840
8094
9111
5560
3997
1900
498
4328
156
9906
4722
2588
8390
6335
6406
5311
7476
3878
6037
8759
9645
9106
7236
3673
3574
171
1322
8227
1575
9270
7153
3590
1902
4159
1800
4815
5901
9193
6216
5382
3838
1075
8276
6487
3415
5515
5346
2952
8298
1328
5095
1698
2314
8016
9674
5465
3956
1058
1420
1635
6555
9453
4032
9760
3408
6718
2488
6517
1716
4562
386
149
2940
8850
9436
9026
1300
1432
5826
262
8999
9261
3528
5824
5060
7195
6321
4604
1836
3985
6958
9140
2911
383
4564
2192
8106
9681
4951
5485
9868
414
3587
9354
7933
868
7610
8826
835
7158
344
9577
864
1369
5161
968
8496
2963
8350
9132
5998
4145
4083
9157
9695
7811
6675
9274
9040
8281
1654
3598
5724
54
2010
3881
5806
8130
4138
8220
699
2180
3051
3400
2955
5157
5448
2011
7852
9364
3455
1870
1131
3513
3387
3354
3759
6414
6963
6633
6586
6786
82
4239
6702
8646
2772
9689
7106
1347
3556
8856
3222
6903
5409
6207
1237
7165
474
5175
5410
4259
2423
3435
6455
4536
2494
2570
2820
5728
2292
4324
5001
1204
3310
3656
6654
7159
4460
8132
5065
8012
3623
7287
7717
7686
1617
9805
691
7730
8914
2741
7191
1033
4264
4431
2326
1751
9727
4192
9504
8912
4271
2792
9987
8987
192
229
9129
4854
2120
1978
8514
3464
4140
905
492
6890
2128
9285
7583
2904
7282
392
5333
1022
8031
2441
4690
43
8357
9511
7857
6943
8210
9434
5990
4369
8569
1916
2870
2452
6543
8139
7776
3094
6730
6518
863
2686
9162
8637
9011
6726
9219
7409
9916
7417
6887
672
9669
510
5837
6186
8679
9067
3655
8184
3026
4312
3300
4819
4580
4252
6683
6026
6308
4087
5214
3469
8073
5892
9110
5913
1183
4144
1042
8129
9215
6328
4205
4335
5599
1742
3731
9045
7355
8344
5422
5426
973
6337
3348
9649
991
3028
4684
2373
330
4283
1256
965
3044
7463
3068
7031
2409
6342
230
1171
1165
4831
3456
5931
2500
2323
7052
1500
4005
18
1003
6419
2857
554
367
3421
5760
9297
2538
4635
3706
2768
3091
6276
4962
7397
1135
7043
6613
7708
9367
3679
7429
2665
732
8726
5109
3356
3173
6668
3240
2778
4432
8804
9806
8495
5292
726
1357
7107
9517
5162
2531
4597
9015
5472
9190
4583
698
1577
9249
4439
6412
9395
6773
9486
6112
6557
4118
6417
986
4357
1473
5706
2253
1686
5580
8864
7050
694
8305
4972
2625
3292
4825
8397
6866
8230
2785
9432
1479
9473
198
4325
6043
7525
2107
8494
940
8563
5313
1378
2338
1180
1497
9607
9459
5590
2514
6706
1387
9879
6403
5341
1487
223
7647
6336
6264
8944
2622
8371
3382
2656
5624
7510
5390
425
1660
1963
4891
4801
1938
5992
9324
4133
8392
943
5944
497
2608
3808
4532
7999
6511
7194
5952
6737
9063
8046
5305
8526
4539
4802
8367
2018
4545
1029
6843
9246
3333
7102
5860
5209
4100
1667
6984
3059
4428
5930
9075
4404
6283
4548
3701
343
9
9418
8343
8156
1372
9507
9409
3951
9168
4898
2056
3115
7057
7812
1743
7505
4181
2305
7545
1323
4376
6136
573
2463
5268
3239
5585
1145
4559
2290
3539
8069
5522
5347
7020
8372
2142
3709
6658
2015
9043
8322
1726
3767
4912
2691
5765
1096
17
4988
3904
9449
79
6176
8379
7946
7727
3218
9430
9278
636
6868
254
8979
1012
8161
8238
6372
8356
3169
1452
7981
8258
7444
7369
1581
3642
9483
1815
163
2304
8963
1569
738
9256
2484
6880
1920
4046
6277
8752
9751
6048
4965
1713
59
1607
3245
5610
9237
5934
6322
4047
1397
6790
6921
8875
4940
4630
1438
536
5423
9605
533
1044
6945
4669
1868
5848
2248
1572
190
7534
8063
9244
4589
3719
5150
6440
5247
2647
3544
3334
8655
7951
4246
3823
4060
2962
8797
357
6992
385
7089
7629
4362
3678
6910
5661
3211
1595
5587
671
8633
7773
1849
8712
610
2048
1613
1348
8796
2547
515
793
5487
3932
9407
197
6877
8312
2052
8605
7980
3880
1953
5810
7503
2733
5568
8767
7871
4915
3593
7589
3658
4743
5126
701
5708
274
6165
6036
8416
1045
508
6850
9458
2470
