9999
9997
9996
9995
9994
9991
9989
9986
9983
9982
9981
9977
9974
9973
9972
9970
9967
9966
9960
9957
9954
9953
9951
9948
9941
9939
9937
9936
9935
9929
9927
9926
9924
9913
9910
9907
9904
9900
9898
9897
9896
9892
9885
9884
9879
9878
9874
9872
9870
9869
9867
9866
9865
9864
9861
9859
9857
9856
9855
9854
9853
9851
9848
9847
9846
9844
9843
9841
9840
9839
9837
9836
9834
9829
9828
9827
9824
9823
9822
9820
9819
9817
9815
9814
9813
9811
9810
9809
9807
9802
9801
9797
9795
9794
9792
9791
9788
9787
9785
9782
9780
9778
9774
9772
9770
9769
9764
9759
9758
9757
9756
9755
9754
9753
9752
9751
9749
9748
9747
9746
9745
9744
9742
9741
9740
9738
9734
9731
9729
9728
9726
9725
9724
9719
9717
9713
9712
9707
9706
9701
9700
9699
9698
9694
9692
9690
9688
9684
9680
9678
9677
9675
9674
9673
9670
9666
9663
9662
9655
9652
9649
9648
9645
9644
9642
9641
9640
9639
9637
9636
9634
9630
9626
9625
9622
9620
9619
9618
9617
9614
9611
9609
9608
9606
9605
9604
9603
9602
9600
9598
9597
9595
9589
9586
9585
9583
9582
9581
9578
9572
9567
9566
9563
9561
9559
9556
9553
9549
9547
9546
9544
9543
9540
9538
9536
9535
9534
9532
9530
9527
9526
9525
9524
9523
9519
9517
9516
9514
9513
9510
9508
9506
9505
9503
9502
9501
9499
9498
9496
9494
9493
9491
9490
9488
9487
9486
9484
9482
9480
9479
9477
9476
9473
9469
9462
9461
9460
9459
9458
9456
9449
9448
9447
9446
9442
9441
9440
9433
9432
9431
9428
9420
9417
9416
9413
9411
9409
9407
9405
9404
9402
9401
9399
9398
9397
9393
9388
9386
9385
9384
9381
9380
9379
9378
9375
9372
9370
9369
9364
9359
9356
9355
9351
9348
9347
9346
9343
9340
9339
9335
9334
9331
9325
9323
9322
9321
9320
9315
9310
9309
9306
9304
9303
9299
9298
9297
9296
9294
9293
9292
9288
9287
9286
9285
9283
9280
9279
9278
9275
9273
9268
9267
9263
9262
9261
9260
9256
9255
9254
9253
9252
9250
9249
9247
9242
9241
9240
9238
9232
9228
9227
9226
9225
9222
9219
9218
9217
9212
9205
9202
9201
9200
9198
9197
9196
9194
9193
9191
9190
9189
9188
9187
9186
9185
9184
9182
9181
9178
9174
9173
9169
9166
9164
9163
9160
9158
9157
9156
9155
9152
9145
9144
9142
9140
9139
9133
9131
9126
9125
9124
9120
9118
9115
9112
9110
9108
9107
9106
9104
9102
9101
9099
9098
9097
9096
9094
9093
9090
9088
9087
9084
9083
9082
9080
9079
9076
9075
9074
9073
9072
9071
9069
9067
9066
9065
9064
9063
9062
9061
9060
9058
9056
9055
9053
9051
9050
9049
9048
9046
9045
9044
9043
9039
9038
9035
9034
9032
9030
9029
9028
9025
9023
9020
9019
9018
9017
9016
9014
9013
9009
9008
9007
8999
8998
8997
8996
8994
8990
8987
8985
8984
8981
8978
8977
8975
8972
8971
8969
8962
8960
8957
8956
8955
8954
8952
8951
8949
8948
8947
8945
8944
8942
8941
8940
8939
8938
8937
8936
8931
8929
8928
8926
8925
8923
8922
8916
8914
8913
8912
8911
8910
8909
8908
8907
8905
8904
8902
8901
8900
8894
8893
8891
8890
8889
8888
8884
8883
8881
8879
8878
8877
8875
8874
8871
8870
8867
8866
8865
8864
8863
8862
8861
8860
8858
8857
8856
8854
8851
8850
8848
8847
8841
8838
8836
8835
8833
8831
8828
8825
8822
8819
8818
8817
8812
8809
8808
8807
8806
8805
8803
8802
8801
8799
8798
8795
8794
8792
8788
8787
8786
8783
8782
8781
8780
8775
8774
8771
8770
8769
8767
8766
8765
8761
8760
8756
8755
8754
8753
8752
8751
8750
8749
8748
8746
8745
8743
8742
8741
8737
8734
8733
8732
8730
8729
8728
8727
8726
8725
8721
8719
8717
8713
8711
8710
8706
8705
8704
8703
8702
8699
8698
8695
8693
8692
8691
8690
8688
8686
8685
8683
8680
8679
8678
8677
8676
8675
8673
8670
8667
8665
8662
8659
8656
8655
8651
8646
8642
8640
8636
8635
8634
8632
8631
8627
8626
8624
8623
8622
8621
8620
8619
8618
8614
8613
8610
8609
8603
8602
8601
8598
8596
8594
8593
8588
8586
8585
8582
8580
8578
8576
8574
8571
8570
8569
8567
8566
8563
8562
8561
8558
8557
8555
8554
8549
8547
8544
8541
8540
8539
8538
8537
8536
8534
8533
8532
8531
8528
8524
8523
8520
8519
8518
8517
8516
8515
8514
8513
8511
8508
8506
8505
8503
8498
8496
8495
8492
8491
8487
8484
8482
8481
8480
8477
8475
8474
8470
8467
8465
8463
8462
8460
8458
8456
8455
8453
8452
8450
8449
8446
8445
8442
8438
8436
8435
8434
8432
8430
8429
8425
8424
8423
8415
8411
8409
8402
8400
8396
8395
8393
8392
8391
8386
8385
8383
8382
8380
8376
8373
8370
8364
8363
8359
8358
8357
8356
8355
8351
8349
8348
8347
8346
8345
8338
8337
8336
8335
8333
8332
8330
8328
8326
8324
8321
8319
8318
8317
8315
8314
8313
8312
8309
8308
8307
8302
8298
8290
8289
8287
8286
8285
8284
8283
8281
8280
8279
8278
8274
8271
8270
8269
8267
8262
8260
8259
8258
8255
8254
8250
8249
8247
8243
8240
8239
8238
8237
8230
8227
8226
8225
8222
8221
8220
8215
8214
8212
8208
8207
8206
8204
8202
8201
8200
8199
8197
8194
8191
8190
8188
8185
8182
8180
8178
8177
8175
8173
8172
8171
8168
8166
8165
8164
8162
8160
8159
8154
8152
8151
8150
8149
8147
8142
8141
8139
8134
8131
8130
8129
8127
8126
8122
8120
8118
8117
8116
8114
8111
8110
8109
8107
8105
8103
8100
8099
8096
8095
8093
8091
8088
8086
8085
8084
8083
8078
8075
8073
8072
8066
8065
8064
8060
8059
8058
8057
8056
8055
8054
8052
8051
8049
8048
8045
8043
8042
8041
8040
8036
8033
8032
8028
8026
8025
8023
8021
8018
8015
8013
8012
8011
8010
8008
8006
8005
8003
8001
8000
7997
7996
7995
7989
7988
7987
7981
7975
7974
7973
7972
7971
7968
7966
7964
7963
7962
7958
7957
7954
7952
7945
7942
7940
7939
7937
7936
7934
7931
7924
7923
7922
7920
7917
7915
7914
7913
7911
7909
7908
7907
7906
7903
7902
7901
7900
7899
7896
7895
7893
7887
7883
7880
7879
7878
7874
7873
7868
7866
7863
7862
7861
7860
7859
7849
7848
7847
7844
7843
7842
7841
7840
7838
7836
7833
7830
7828
7826
7821
7815
7814
7812
7811
7808
7807
7805
7803
7801
7800
7798
7795
7793
7790
7789
7788
7786
7785
7783
7778
7775
7774
7772
7771
7770
7768
7765
7764
7763
7761
7759
7758
7757
7756
7755
7754
7753
7750
7749
7747
7746
7745
7744
7742
7741
7740
7737
7736
7734
7733
7732
7731
7730
7728
7725
7724
7721
7718
7714
7713
7712
7710
7709
7706
7705
7703
7702
7701
7700
7697
7695
7693
7692
7691
7689
7688
7686
7685
7684
7683
7680
7675
7674
7673
7671
7669
7668
7667
7666
7665
7664
7662
7660
7658
7656
7652
7651
7650
7649
7648
7647
7644
7642
7641
7640
7639
7637
7636
7634
7633
7630
7629
7626
7623
7620
7619
7617
7616
7615
7614
7613
7612
7610
7607
7606
7605
7604
7603
7602
7601
7597
7593
7587
7582
7580
7578
7576
7574
7573
7570
7569
7566
7565
7563
7561
7559
7556
7549
7548
7547
7546
7543
7542
7541
7539
7536
7534
7533
7532
7530
7529
7528
7527
7526
7525
7521
7520
7519
7518
7515
7514
7513
7511
7509
7508
7507
7506
7505
7503
7502
7500
7499
7498
7495
7493
7492
7491
7490
7489
7487
7485
7484
7482
7479
7478
7474
7473
7468
7464
7462
7461
7457
7455
7454
7453
7452
7451
7450
7449
7445
7439
7438
7437
7436
7435
7434
7433
7431
7429
7428
7427
7426
7424
7419
7418
7416
7413
7407
7406
7405
7404
7403
7400
7399
7398
7397
7395
7394
7393
7392
7391
7389
7387
7386
7384
7382
7378
7377
7375
7374
7373
7372
7370
7369
7366
7364
7363
7362
7361
7360
7358
7357
7356
7355
7351
7350
7349
7345
7344
7343
7342
7341
7339
7333
7329
7328
7327
7326
7325
7324
7323
7319
7317
7314
7312
7309
7307
7306
7302
7300
7293
7286
7285
7284
7281
7280
7278
7277
7274
7273
7270
7269
7268
7265
7261
7260
7259
7258
7257
7256
7254
7253
7252
7251
7250
7248
7247
7246
7245
7243
7242
7240
7239
7238
7236
7232
7230
7229
7228
7223
7222
7219
7217
7215
7214
7209
7207
7206
7205
7203
7202
7200
7196
7195
7193
7190
7184
7183
7182
7180
7179
7178
7173
7172
7171
7170
7169
7168
7165
7160
7157
7156
7153
7152
7151
7150
7148
7146
7145
7142
7141
7139
7138
7137
7136
7135
7130
7127
7124
7123
7120
7119
7118
7117
7112
7111
7110
7108
7107
7103
7101
7097
7089
7087
7086
7080
7079
7076
7070
7067
7063
7061
7059
7058
7057
7056
7050
7049
7048
7047
7046
7045
7044
7042
7041
7040
7038
7034
7033
7031
7029
7026
7025
7023
7022
7021
7020
7019
7017
7016
7014
7009
7008
7001
7000
6998
6996
6994
6993
6992
6991
6988
6986
6985
6983
6982
6981
6979
6974
6972
6969
6967
6966
6960
6959
6958
6957
6956
6953
6952
6951
6950
6949
6948
6946
6942
6941
6940
6938
6937
6936
6935
6933
6932
6931
6930
6925
6922
6917
6913
6907
6906
6905
6903
6901
6899
6898
6895
6894
6891
6889
6886
6885
6884
6883
6881
6880
6879
6878
6875
6874
6872
6871
6870
6869
6868
6867
6866
6865
6862
6860
6859
6857
6851
6847
6844
6839
6838
6837
6834
6832
6829
6827
6826
6819
6816
6814
6813
6811
6810
6809
6808
6806
6804
6803
6800
6799
6798
6797
6795
6791
6790
6787
6786
6784
6783
6780
6779
6776
6775
6774
6772
6771
6769
6764
6761
6760
6759
6756
6752
6748
6747
6746
6745
6741
6739
6737
6736
6732
6731
6725
6724
6718
6714
6713
6710
6709
6707
6705
6702
6698
6694
6693
6692
6691
6690
6689
6688
6687
6686
6685
6684
6683
6681
6680
6679
6671
6670
6667
6665
6662
6659
6656
6655
6654
6651
6645
6642
6641
6638
6637
6634
6633
6632
6631
6627
6626
6625
6623
6621
6618
6616
6615
6614
6611
6610
6609
6606
6605
6601
6600
6599
6597
6595
6593
6592
6590
6588
6587
6584
6582
6581
6577
6576
6573
6571
6570
6569
6567
6566
6562
6561
6559
6557
6556
6555
6554
6553
6551
6550
6549
6548
6545
6544
6543
6542
6538
6537
6536
6535
6533
6532
6529
6528
6525
6524
6523
6522
6521
6520
6519
6516
6515
6514
6513
6512
6510
6506
6503
6501
6499
6496
6495
6490
6485
6483
6482
6478
6476
6473
6467
6465
6460
6458
6456
6455
6451
6450
6445
6441
6438
6437
6436
6434
6432
6430
6428
6427
6426
6425
6424
6423
6422
6421
6419
6414
6412
6410
6407
6406
6398
6397
6396
6393
6391
6390
6385
6383
6382
6372
6369
6368
6366
6359
6358
6354
6350
6349
6348
6346
6345
6344
6343
6342
6341
6340
6339
6337
6336
6335
6334
6333
6330
6329
6328
6327
6326
6325
6323
6322
6321
6320
6318
6316
6315
6314
6312
6311
6308
6307
6305
6303
6301
6300
6299
6298
6295
6292
6289
6288
6287
6285
6282
6280
6279
6276
6275
6274
6273
6271
6268
6262
6261
6259
6258
6257
6254
6253
6252
6250
6249
6247
6245
6243
6242
6241
6240
6238
6237
6235
6234
6233
6230
6228
6227
6226
6225
6223
6218
6217
6212
6211
6210
6205
6204
6203
6202
6200
6197
6195
6193
6190
6187
6185
6183
6182
6181
6180
6175
6173
6172
6170
6166
6165
6164
6163
6162
6156
6150
6149
6147
6145
6143
6142
6141
6136
6135
6134
6133
6130
6129
6128
6127
6126
6123
6119
6117
6112
6111
6110
6109
6107
6106
6100
6096
6090
6088
6087
6083
6082
6079
6078
6076
6075
6073
6072
6071
6070
6069
6068
6067
6066
6063
6062
6060
6059
6058
6057
6055
6052
6050
6047
6045
6044
6043
6042
6041
6039
6035
6030
6028
6027
6025
6023
6022
6021
6019
6013
6008
6005
6003
6002
6001
5995
5993
5990
5988
5987
5984
5982
5981
5980
5978
5975
5970
5969
5968
5967
5963
5960
5959
5958
5957
5953
5948
5943
5942
5941
5940
5939
5938
5936
5935
5934
5933
5932
5931
5929
5928
5926
5924
5923
5922
5919
5917
5915
5913
5912
5910
5909
5908
5906
5905
5901
5899
5895
5891
5890
5889
5887
5885
5884
5882
5877
5874
5873
5871
5870
5865
5863
5860
5857
5856
5853
5852
5851
5850
5849
5846
5844
5842
5840
5839
5838
5836
5831
5830
5828
5826
5825
5823
5821
5818
5814
5808
5806
5805
5803
5800
5797
5795
5794
5791
5784
5782
5781
5779
5778
5777
5776
5775
5774
5773
5772
5769
5768
5767
5766
5765
5764
5763
5762
5761
5760
5758
5754
5753
5752
5751
5750
5748
5747
5742
5741
5739
5738
5737
5734
5732
5730
5729
5728
5725
5724
5719
5717
5715
5714
5713
5712
5709
5708
5706
5705
5704
5701
5699
5696
5694
5693
5692
5690
5689
5688
5687
5686
5682
5681
5680
5679
5676
5674
5672
5670
5668
5667
5664
5662
5659
5658
5657
5656
5655
5652
5650
5647
5646
5645
5641
5638
5637
5636
5634
5633
5630
5629
5627
5625
5623
5621
5618
5615
5611
5610
5607
5604
5602
5599
5597
5595
5593
5592
5591
5586
5585
5583
5581
5580
5578
5577
5575
5574
5573
5571
5569
5568
5567
5565
5563
5562
5561
5560
5555
5554
5552
5551
5550
5548
5547
5546
5544
5543
5540
5537
5534
5532
5530
5525
5523
5522
5520
5519
5518
5516
5515
5514
5512
5510
5508
5506
5504
5503
5501
5500
5495
5494
5492
5489
5488
5483
5478
5475
5474
5471
5468
5465
5463
5462
5461
5458
5457
5453
5448
5447
5446
5444
5443
5441
5440
5439
5435
5432
5429
5427
5426
5425
5424
5422
5420
5417
5416
5414
5413
5412
5410
5409
5404
5402
5401
5397
5396
5394
5392
5391
5388
5386
5385
5384
5383
5382
5379
5376
5375
5374
5373
5372
5371
5370
5365
5364
5363
5362
5360
5356
5355
5354
5353
5350
5349
5345
5344
5338
5337
5334
5333
5330
5328
5327
5326
5325
5324
5322
5319
5316
5315
5314
5313
5311
5309
5305
5304
5303
5301
5299
5298
5297
5296
5294
5292
5290
5289
5287
5286
5285
5284
5282
5281
5280
5279
5278
5273
5271
5270
5269
5268
5266
5265
5263
5261
5259
5258
5257
5256
5254
5248
5247
5246
5240
5239
5237
5236
5233
5232
5230
5229
5228
5227
5225
5222
5221
5217
5214
5212
5210
5207
5206
5201
5199
5198
5197
5195
5193
5191
5190
5189
5185
5184
5181
5180
5177
5176
5172
5171
5170
5169
5168
5167
5164
5162
5159
5156
5155
5154
5153
5151
5150
5148
5146
5144
5141
5140
5139
5134
5130
5129
5125
5122
5121
5120
5112
5109
5108
5106
5105
5102
5098
5097
5094
5092
5086
5085
5084
5083
5082
5081
5078
5077
5075
5073
5072
5071
5068
5065
5063
5062
5061
5058
5057
5055
5054
5052
5051
5048
5047
5044
5042
5040
5039
5038
5036
5034
5031
5029
5028
5027
5024
5023
5022
5021
5020
5017
5016
5010
5009
5008
5006
5005
5004
5001
5000
4998
4990
4989
4988
4987
4984
4983
4979
4978
4976
4972
4967
4966
4963
4962
4958
4957
4956
4953
4952
4950
4943
4942
4940
4939
4938
4936
4935
4931
4929
4925
4924
4921
4920
4917
4916
4915
4907
4906
4902
4900
4899
4898
4895
4893
4892
4891
4890
4886
4881
4880
4875
4874
4872
4870
4867
4866
4865
4864
4862
4854
4852
4849
4848
4847
4845
4844
4840
4838
4836
4835
4832
4831
4830
4828
4825
4824
4823
4822
4821
4817
4814
4812
4809
4808
4807
4806
4805
4804
4802
4801
4800
4797
4794
4790
4789
4787
4785
4782
4781
4779
4778
4777
4775
4774
4773
4772
4771
4770
4768
4758
4756
4754
4746
4745
4744
4743
4742
4740
4739
4738
4736
4735
4733
4732
4731
4730
4729
4724
4723
4721
4720
4718
4717
4713
4709
4704
4702
4701
4698
4695
4694
4693
4692
4691
4690
4688
4687
4686
4684
4683
4682
4680
4679
4675
4674
4672
4671
4670
4669
4668
4665
4661
4659
4657
4656
4654
4653
4652
4651
4650
4649
4644
4643
4642
4641
4638
4637
4636
4635
4634
4633
4632
4629
4623
4622
4620
4619
4618
4617
4615
4614
4613
4612
4610
4609
4608
4607
4605
4604
4603
4601
4600
4598
4595
4592
4589
4587
4584
4582
4580
4579
4578
4574
4572
4570
4567
4566
4565
4564
4563
4561
4560
4559
4558
4555
4554
4553
4546
4545
4544
4543
4541
4540
4536
4535
4534
4533
4531
4530
4528
4527
4524
4523
4522
4521
4520
4517
4512
4511
4510
4509
4507
4506
4505
4504
4503
4501
4500
4499
4498
4497
4495
4491
4488
4487
4484
4482
4480
4478
4477
4476
4474
4472
4470
4466
4463
4461
4459
4458
4454
4452
4451
4450
4449
4445
4442
4441
4439
4437
4436
4434
4429
4426
4425
4423
4422
4418
4416
4414
4413
4407
4405
4404
4403
4402
4399
4398
4397
4396
4395
4391
4389
4388
4387
4384
4382
4381
4380
4379
4378
4376
4375
4374
4373
4372
4370
4368
4361
4360
4358
4353
4352
4351
4350
4348
4346
4345
4343
4342
4341
4340
4338
4337
4336
4335
4334
4333
4328
4327
4326
4324
4316
4313
4312
4308
4305
4300
4297
4296
4295
4294
4293
4292
4289
4286
4285
4283
4281
4280
4277
4273
4271
4269
4266
4265
4263
4258
4256
4255
4253
4250
4247
4242
4238
4234
4233
4232
4228
4226
4224
4222
4217
4215
4211
4210
4207
4205
4201
4199
4198
4197
4194
4192
4191
4189
4187
4186
4185
4184
4181
4177
4176
4175
4174
4171
4169
4165
4162
4156
4153
4152
4151
4143
4142
4141
4138
4137
4136
4134
4131
4130
4129
4128
4124
4120
4119
4117
4116
4115
4114
4113
4111
4107
4106
4105
4103
4100
4098
4097
4095
4093
4091
4090
4089
4087
4086
4084
4083
4082
4078
4075
4074
4067
4066
4065
4062
4061
4060
4059
4058
4055
4053
4052
4051
4048
4047
4042
4041
4040
4034
4033
4031
4029
4028
4023
4022
4020
4019
4018
4016
4013
4012
4011
4010
4007
4006
4005
4004
4003
4001
3999
3998
3997
3996
3995
3994
3992
3991
3987
3982
3979
3978
3976
3971
3970
3969
3967
3964
3959
3958
3957
3955
3951
3948
3947
3946
3942
3938
3936
3935
3931
3930
3928
3926
3925
3924
3921
3920
3919
3918
3916
3914
3913
3912
3911
3909
3907
3902
3901
3900
3899
3898
3897
3896
3894
3893
3892
3891
3890
3888
3887
3884
3881
3880
3879
3876
3873
3872
3870
3869
3868
3867
3865
3864
3863
3859
3858
3857
3856
3855
3854
3849
3847
3845
3842
3835
3834
3831
3827
3825
3824
3822
3821
3820
3818
3815
3813
3812
3811
3810
3805
3804
3803
3801
3800
3796
3794
3793
3789
3788
3786
3782
3778
3777
3776
3774
3771
3766
3765
3761
3760
3756
3754
3753
3751
3749
3747
3746
3745
3744
3743
3742
3740
3738
3736
3735
3734
3731
3729
3728
3725
3723
3715
3712
3710
3709
3708
3707
3706
3705
3704
3703
3698
3697
3695
3691
3690
3685
3684
3683
3682
3681
3679
3677
3675
3674
3671
3663
3660
3659
3658
3655
3654
3653
3652
3650
3646
3645
3644
3640
3639
3638
3637
3633
3631
3630
3627
3625
3624
3620
3619
3616
3614
3613
3612
3611
3609
3607
3606
3603
3599
3597
3596
3594
3592
3590
3589
3586
3584
3583
3581
3579
3572
3567
3564
3561
3560
3557
3555
3553
3549
3546
3541
3539
3538
3534
3532
3531
3528
3527
3525
3523
3520
3519
3518
3517
3516
3515
3511
3510
3508
3506
3505
3504
3503
3502
3500
3496
3493
3490
3486
3484
3483
3476
3475
3472
3471
3470
3469
3468
3467
3466
3461
3460
3458
3457
3455
3454
3451
3450
3448
3445
3444
3442
3440
3438
3436
3435
3433
3432
3431
3430
3429
3427
3426
3424
3421
3420
3415
3413
3411
3410
3409
3408
3407
3405
3404
3396
3395
3394
3392
3391
3390
3389
3388
3386
3385
3384
3383
3382
3381
3379
3378
3376
3373
3372
3370
3367
3363
3362
3360
3357
3355
3353
3352
3350
3347
3345
3343
3336
3334
3331
3327
3322
3321
3319
3315
3313
3311
3305
3304
3303
3302
3301
3296
3293
3291
3290
3289
3285
3284
3282
3280
3279
3274
3272
3270
3269
3267
3264
3263
3261
3260
3259
3258
3257
3256
3254
3253
3252
3250
3247
3244
3243
3242
3241
3236
3235
3233
3231
3229
3227
3222
3220
3219
3218
3217
3216
3210
3208
3205
3201
3192
3188
3186
3184
3183
3182
3181
3180
3179
3177
3175
3174
3172
3169
3167
3165
3162
3160
3156
3153
3152
3151
3147
3146
3145
3144
3143
3141
3140
3139
3138
3136
3134
3132
3131
3127
3126
3125
3123
3121
3120
3119
3117
3116
3115
3114
3113
3112
3111
3110
3108
3107
3103
3102
3100
3093
3091
3090
3089
3087
3085
3084
3083
3081
3078
3076
3075
3074
3069
3068
3066
3065
3064
3063
3061
3059
3058
3057
3055
3053
3052
3050
3049
3047
3045
3040
3037
3034
3027
3024
3023
3021
3018
3017
3013
3012
3011
3007
3006
3004
2998
2997
2996
2994
2991
2990
2987
2982
2980
2978
2977
2974
2973
2970
2964
2963
2959
2957
2956
2955
2954
2953
2951
2949
2947
2946
2944
2943
2942
2940
2939
2938
2937
2936
2935
2933
2929
2928
2926
2924
2915
2911
2910
2909
2907
2904
2903
2901
2900
2891
2886
2884
2882
2881
2880
2879
2878
2877
2874
2873
2872
2871
2869
2866
2859
2858
2857
2856
2855
2854
2853
2852
2851
2849
2848
2843
2842
2841
2838
2836
2834
2833
2829
2828
2826
2823
2822
2821
2819
2817
2816
2815
2812
2811
2809
2808
2805
2804
2801
2797
2793
2792
2791
2786
2781
2778
2772
2769
2768
2767
2766
2763
2762
2758
2756
2755
2751
2750
2745
2743
2731
2729
2728
2726
2725
2722
2720
2719
2718
2717
2716
2715
2714
2713
2712
2711
2709
2708
2706
2705
2703
2701
2700
2698
2696
2693
2688
2687
2686
2684
2683
2682
2678
2677
2674
2673
2672
2671
2670
2665
2664
2663
2659
2658
2656
2654
2652
2651
2648
2647
2645
2643
2641
2640
2639
2637
2635
2632
2629
2627
2624
2622
2621
2620
2619
2618
2616
2615
2613
2612
2611
2610
2609
2608
2607
2606
2601
2600
2598
2595
2593
2592
2590
2589
2585
2581
2580
2579
2578
2577
2575
2574
2573
2572
2571
2570
2568
2567
2566
2565
2564
2562
2557
2556
2550
2549
2548
2547
2546
2541
2539
2537
2536
2534
2533
2532
2530
2528
2527
2526
2525
2523
2521
2520
2516
2514
2508
2507
2505
2504
2503
2502
2501
2497
2496
2493
2490
2486
2484
2483
2481
2476
2474
2473
2472
2467
2464
2462
2460
2458
2457
2456
2452
2450
2449
2448
2446
2445
2443
2442
2439
2437
2435
2431
2427
2426
2422
2421
2420
2419
2418
2417
2416
2415
2413
2410
2409
2407
2400
2398
2393
2392
2391
2390
2389
2388
2387
2386
2383
2381
2380
2378
2372
2371
2370
2368
2367
2365
2362
2358
2357
2354
2353
2352
2349
2348
2347
2345
2344
2343
2341
2340
2339
2336
2335
2332
2331
2325
2324
2319
2318
2316
2313
2307
2305
2303
2302
2297
2293
2292
2291
2288
2287
2286
2281
2280
2279
2276
2274
2272
2269
2268
2267
2265
2263
2261
2259
2257
2256
2255
2254
2253
2252
2251
2249
2245
2242
2241
2240
2237
2236
2229
2228
2227
2226
2224
2223
2222
2221
2216
2212
2210
2208
2205
2203
2202
2201
2200
2199
2198
2196
2195
2192
2191
2190
2188
2186
2185
2184
2176
2174
2173
2171
2168
2167
2166
2165
2164
2160
2158
2157
2155
2154
2153
2150
2148
2147
2145
2144
2143
2140
2139
2137
2135
2132
2130
2127
2126
2124
2121
2120
2119
2117
2115
2113
2109
2108
2104
2103
2101
2097
2096
2094
2092
2090
2089
2086
2085
2084
2077
2074
2071
2070
2069
2068
2065
2064
2062
2061
2059
2054
2053
2052
2051
2047
2046
2045
2044
2043
2042
2040
2039
2038
2037
2035
2034
2033
2031
2030
2028
2025
2021
2020
2019
2014
2010
2009
2005
2004
2003
2002
1999
1997
1993
1990
1989
1988
1987
1986
1985
1984
1983
1982
1981
1977
1976
1975
1974
1973
1972
1970
1969
1966
1965
1961
1959
1955
1952
1950
1947
1946
1942
1941
1940
1938
1936
1931
1930
1926
1925
1922
1920
1919
1914
1912
1909
1908
1907
1906
1903
1902
1900
1897
1896
1895
1894
1892
1890
1888
1887
1885
1883
1882
1881
1877
1876
1875
1872
1870
1869
1868
1865
1864
1863
1859
1854
1853
1851
1849
1848
1847
1845
1843
1842
1840
1838
1835
1834
1833
1830
1829
1828
1827
1825
1822
1821
1819
1817
1814
1813
1811
1810
1807
1802
1798
1797
1796
1795
1793
1792
1791
1790
1788
1787
1786
1785
1781
1780
1778
1777
1776
1774
1772
1769
1768
1767
1763
1762
1760
1759
1756
1754
1753
1749
1748
1747
1746
1744
1740
1736
1735
1732
1731
1730
1720
1718
1716
1714
1712
1702
1701
1699
1698
1696
1695
1694
1693
1689
1686
1685
1684
1683
1681
1680
1676
1675
1672
1671
1670
1666
1665
1664
1661
1658
1657
1656
1655
1653
1651
1648
1647
1646
1645
1644
1641
1639
1638
1637
1636
1634
1632
1631
1628
1626
1625
1624
1623
1620
1617
1615
1613
1610
1608
1605
1602
1601
1599
1595
1594
1593
1592
1589
1586
1585
1583
1580
1579
1576
1573
1563
1562
1561
1558
1557
1556
1549
1546
1545
1544
1543
1542
1540
1537
1536
1534
1533
1532
1531
1529
1528
1527
1526
1525
1522
1520
1515
1514
1513
1512
1508
1507
1504
1503
1502
1500
1499
1497
1495
1492
1490
1485
1484
1481
1480
1478
1477
1475
1474
1470
1469
1467
1463
1457
1456
1455
1454
1452
1449
1444
1443
1441
1439
1438
1437
1435
1432
1430
1428
1425
1424
1423
1420
1419
1417
1416
1414
1413
1411
1404
1403
1400
1399
1397
1396
1394
1393
1392
1390
1389
1387
1385
1382
1380
1379
1378
1377
1376
1375
1371
1370
1369
1368
1367
1363
1360
1356
1355
1354
1352
1351
1348
1347
1345
1344
1343
1342
1340
1338
1337
1336
1335
1333
1332
1331
1324
1321
1319
1318
1316
1314
1313
1312
1309
1308
1306
1303
1299
1298
1295
1294
1293
1292
1291
1289
1287
1286
1276
1274
1273
1271
1270
1265
1264
1263
1260
1259
1258
1255
1252
1251
1249
1246
1241
1239
1238
1236
1235
1234
1233
1230
1229
1228
1226
1223
1222
1221
1220
1218
1216
1215
1214
1212
1211
1209
1208
1205
1201
1200
1199
1196
1194
1191
1189
1183
1182
1181
1179
1174
1171
1170
1167
1165
1164
1161
1159
1155
1153
1152
1151
1150
1148
1147
1146
1144
1141
1140
1138
1134
1132
1130
1128
1127
1126
1125
1124
1123
1122
1119
1118
1116
1114
1112
1111
1110
1109
1107
1105
1103
1102
1101
1100
1099
1098
1097
1095
1094
1093
1091
1090
1088
1087
1086
1085
1084
1083
1082
1081
1080
1078
1077
1075
1071
1070
1069
1066
1064
1061
1057
1056
1055
1053
1052
1050
1049
1044
1042
1041
1040
1036
1034
1030
1021
1018
1015
1014
1013
1010
1009
1004
999
997
995
994
993
990
988
987
986
983
982
979
978
974
973
972
969
968
966
965
962
961
959
953
951
950
949
947
946
945
943
940
937
936
935
934
933
932
928
927
926
925
924
923
922
921
920
917
909
908
905
901
898
896
895
894
893
889
888
886
883
881
880
879
877
873
871
868
866
862
860
859
858
857
855
854
853
852
850
849
847
846
843
842
841
840
839
838
835
834
833
831
830
829
828
827
824
823
822
821
818
816
808
805
804
801
800
799
795
794
793
790
786
784
783
782
781
780
779
776
772
766
765
764
763
762
758
754
751
750
748
747
746
745
743
741
740
738
735
733
732
730
728
727
723
722
719
718
716
714
713
712
711
708
707
704
703
697
696
695
694
691
689
687
686
685
678
676
675
673
672
671
663
661
660
658
654
652
648
647
646
643
642
640
639
638
635
632
631
628
627
623
619
617
615
614
612
611
610
609
608
607
606
604
603
602
600
599
598
597
595
591
589
584
582
581
571
567
566
565
561
557
556
554
552
551
549
547
542
538
537
535
531
529
526
524
523
521
519
515
513
511
509
506
505
503
500
497
496
494
491
489
488
487
486
485
482
481
480
476
475
473
471
466
465
464
463
462
461
460
459
456
455
453
451
448
447
445
443
442
441
440
439
437
435
432
431
425
424
423
421
420
416
415
413
411
410
407
404
402
401
399
398
397
396
395
393
388
385
382
381
377
376
375
372
371
367
366
363
361
360
350
349
345
342
341
340
334
333
331
330
327
324
323
321
320
319
318
312
311
310
308
307
306
302
299
298
294
290
285
284
283
278
276
274
271
270
268
267
266
265
264
260
259
255
254
253
252
251
244
243
242
241
240
238
237
232
229
225
221
220
219
216
214
211
209
208
202
201
196
190
189
187
186
180
179
167
166
165
164
162
160
159
157
156
154
153
147
146
141
138
137
134
133
129
127
126
118
116
113
107
105
104
102
101
99
98
97
96
94
93
91
87
80
79
78
77
76
75
73
70
67
66
61
59
56
55
54
53
47
44
43
39
37
36
34
32
29
28
26
25
23
22
21
19
18
15
12
11
10
9
7
6
2
