12
18
41
50
57
73
85
86
105
109
111
112
133
150
152
153
155
158
173
188
195
203
231
252
257
258
266
267
273
275
281
311
357
371
373
403
431
437
441
479
486
506
518
520
528
529
536
540
551
555
596
603
612
614
648
682
690
698
725
726
733
743
750
753
763
769
794
795
798
832
842
845
849
861
879
880
912
920
925
945
946
963
970
972
973
988
991
999
1012
1018
1021
1026
1037
1038
1045
1101
1103
1114
1131
1134
1161
1193
1197
1205
1212
1218
1219
1238
1246
1261
1277
1280
1285
1295
1296
1315
1321
1342
1345
1351
1355
1388
1389
1393
1405
1407
1422
1426
1431
1464
1466
1469
1490
1495
1500
1515
1525
1526
1527
1530
1532
1560
1561
1563
1579
1600
1601
1616
1632
1642
1648
1654
1668
1675
1678
1679
1691
1693
1713
1736
1746
1753
1754
1759
1790
1792
1796
1801
1839
1846
1849
1855
1866
1868
1872
1886
1902
1905
1917
1923
1924
1932
1937
1944
1976
1997
2036
2079
2087
2140
2162
2166
2171
2175
2179
2189
2195
2197
2199
2219
2220
2222
2231
2237
2250
2253
2259
2263
2275
2281
2282
2293
2294
2296
2299
2304
2317
2322
2330
2348
2363
2366
2391
2397
2400
2422
2440
2445
2456
2470
2475
2482
2498
2510
2526
2527
2528
2542
2588
2589
2605
2617
2624
2662
2663
2693
2696
2712
2720
2726
2734
2740
2741
2756
2757
2759
2774
2778
2779
2794
2808
2827
2838
2839
2859
2869
2870
2876
2881
2911
2925
2938
2939
2948
2949
3000
3013
3016
3023
3028
3044
3051
3053
3054
3064
3066
3071
3083
3089
3114
3121
3126
3145
3151
3160
3165
3197
3204
3215
3229
3233
3268
3274
3291
3311
3313
3315
3329
3332
3341
3351
3366
3372
3377
3386
3390
3391
3395
3397
3398
3423
3435
3439
3464
3471
3497
3506
3520
3556
3560
3569
3571
3579
3581
3584
3591
3614
3619
3622
3626
3638
3649
3684
3685
3693
3698
3701
3706
3729
3738
3752
3763
3765
3769
3792
3799
3804
3805
3815
3837
3840
3859
3872
3882
3883
3909
3921
3922
3940
3944
3949
3966
3969
3972
3973
3975
3978
3979
3985
3997
4010
4027
4038
4039
4041
4055
4056
4065
4068
4091
4103
4124
4136
4140
4170
4178
4202
4216
4217
4240
4273
4286
4299
4306
4332
4351
4375
4380
4381
4390
4391
4398
4399
4400
4403
4406
4420
4442
4443
4451
4471
4479
4481
4490
4502
4504
4509
4517
4522
4544
4559
4561
4572
4593
4594
4606
4638
4647
4663
4677
4698
4704
4707
4713
4716
4730
4733
4736
4740
4741
4743
4759
4774
4776
4782
4786
4795
4834
4837
4840
4841
4874
4877
4878
4889
4891
4904
4912
4914
4915
4920
4923
4924
4928
4934
4945
4946
4948
4962
4968
4992
5004
5006
5027
5041
5050
5051
5054
5096
5111
5127
5132
5135
5140
5141
5148
5153
5155
5189
5195
5223
5225
5226
5229
5247
5254
5263
5270
5278
5290
5302
5303
5316
5326
5340
5341
5348
5363
5373
5376
5400
5401
5405
5412
5418
5423
5428
5433
5436
5444
5456
5485
5490
5512
5524
5531
5534
5581
5609
5621
5630
5632
5643
5645
5652
5655
5667
5672
5675
5698
5701
5707
5708
5712
5715
5745
5748
5767
5771
5799
5805
5808
5817
5830
5870
5883
5887
5891
5893
5897
5906
5910
5917
5928
5981
5994
6011
6022
6036
6047
6074
6080
6093
6113
6115
6117
6122
6130
6136
6147
6151
6155
6162
6168
6174
6177
6180
6185
6214
6215
6221
6224
6225
6226
6228
6230
6237
6238
6245
6267
6277
6285
6287
6289
6291
6312
6354
6364
6365
6368
6371
6376
6384
6409
6432
6435
6438
6440
6465
6482
6484
6488
6494
6499
6500
6503
6505
6517
6525
6526
6548
6567
6568
6591
6601
6637
6641
6643
6644
6653
6667
6686
6689
6699
6704
6724
6740
6744
6757
6762
6766
6772
6776
6780
6782
6787
6807
6810
6814
6816
6822
6825
6842
6847
6853
6854
6862
6869
6888
6900
6920
6932
6933
6942
6949
6966
6986
7000
7008
7010
7016
7033
7038
7040
7053
7055
7056
7062
7076
7081
7110
7122
7162
7179
7184
7192
7194
7213
7226
7231
7232
7240
7248
7273
7287
7292
7299
7304
7315
7320
7349
7354
7358
7366
7369
7370
7382
7390
7406
7413
7430
7445
7450
7455
7461
7472
7480
7485
7493
7497
7502
7512
7519
7521
7530
7532
7547
7551
7564
7571
7576
7586
7587
7626
7636
7640
7669
7693
7715
7727
7735
7740
7759
7776
7781
7791
7794
7799
7802
7813
7823
7827
7835
7838
7847
7849
7850
7852
7855
7862
7872
7910
7913
7917
7933
7934
7940
7952
7974
7994
7997
8001
8006
8007
8009
8012
8020
8023
8026
8038
8039
8045
8057
8080
8093
8106
8110
8116
8117
8121
8124
8148
8181
8190
8200
8205
8222
8229
8234
8256
8262
8282
8286
8301
8312
8352
8362
8367
8370
8396
8402
8410
8429
8443
8448
8455
8499
8500
8511
8526
8538
8541
8585
8590
8591
8592
8593
8610
8626
8647
8654
8665
8674
8684
8701
8716
8720
8721
8722
8735
8744
8756
8757
8768
8776
8778
8793
8797
8803
8805
8807
8809
8814
8825
8828
8836
8844
8857
8867
8881
8883
8898
8899
8900
8902
8908
8921
8940
8951
8952
8955
8968
8973
8999
9007
9013
9017
9022
9039
9043
9046
9056
9061
9066
9081
9089
9092
9108
9122
9126
9131
9143
9144
9156
9157
9168
9173
9184
9190
9201
9209
9215
9217
9223
9228
9233
9239
9240
9244
9257
9264
9268
9271
9276
9285
9287
9303
9306
9336
9341
9371
9381
9384
9387
9396
9407
9418
9425
9436
9439
9460
9461
9462
9464
9469
9476
9478
9489
9512
9535
9540
9544
9555
9561
9564
9569
9599
9615
9618
9627
9633
9644
9670
9694
9703
9704
9727
9728
9729
9730
9732
9739
9759
9762
9772
9779
9780
9781
9795
9797
9799
9876
9879
9884
9903
9912
9916
9925
9996
9999
